GID	control_0h	experimental_1h	experimental_2h	experimental_4h	control_1h	control_2h	control_4h	experimental_0h
Cre01.g000050	2.95318	2.09704	2.69355	2.73518	2.11827	2.52805	2.90007	1.89822
Cre01.g000100	1.49252	1.24136	1.10667	1.22081	1.29852	1.08508	1.06645	1.31335
Cre01.g000150	8.02734	5.08505	0.95224	19.8342	14.1806	0.584532	48.9223	32.0596
Cre01.g000200	3.20045	2.72008	2.17091	3.02205	2.7987	2.34239	3.78457	3.02943
Cre01.g000250	10.6448	9.81822	9.7149	8.59466	9.70054	10.2024	12.8287	10.0289
Cre01.g000300	5.34513	10.6618	11.8931	5.94405	11.7461	13.4549	7.57323	13.7262
Cre01.g000350	20.7393	16.9516	17.7427	20.0661	18.5363	17.3027	29.7786	19.1469
Cre01.g000400	11.8297	9.62986	6.94762	11.1724	7.46267	6.9276	7.90096	6.93846
Cre01.g000450	12.6368	11.6284	12.0067	13.0982	7.97862	9.96826	10.9177	5.9829
Cre01.g000500	0.711703	2.39267	0.323032	0.726217	2.41445	0.254243	1.11272	4.12827
Cre01.g000550	0.0874252	0.252868	0.130121	0.0792737	0.134116	0.0866696	0.172305	0.215772
Cre01.g000600	11.6516	7.81183	10.9884	9.6864	7.82359	10.0197	9.19219	7.26133
Cre01.g000650	4.07433	5.52115	1.58051	4.81372	6.63062	2.60679	3.60209	15.1113
Cre01.g000700	0.762734	0.617853	0.740449	0.773048	0.721563	0.710501	0.731029	0.594127
Cre01.g000750	1.6553	2.26864	2.06327	1.56241	2.23482	2.04375	2.10694	3.00593
Cre01.g000800	3.55712	2.46215	3.25368	3.01791	2.39414	3.24754	4.08433	2.4278
Cre01.g000850	46.6036	31.7388	51.4011	41.8619	32.1163	47.0324	58.6461	34.3282
Cre01.g000900	14.064	27.4892	20.8298	15.6567	30.3967	23.3988	13.5244	24.0419
Cre01.g000950	0.230414	0.252503	0.274898	0.220307	0.146518	0.248361	0.2178	0.238978
Cre01.g001000	2.48355	2.28085	1.48963	2.25557	1.17796	1.14287	0.906509	0.819634
Cre01.g001100	44.0433	43.8893	38.8562	49.8392	38.4339	42.5439	38.9748	25.4291
Cre01.g001150	1.02285	0.841315	1.0122	1.10216	0.937233	1.12625	0.997488	1.14601
Cre01.g001200	4.23314	6.53256	3.72478	4.61176	7.41035	3.8538	3.91072	8.05696
Cre01.g001250	0.0356202	0.136991	0.0311028	0.0449966	0.147033	0.0280362	0.0246457	0.18395
Cre01.g001300	0.145504	0.76826	0.506071	0.127511	0.762235	0.498412	0.0984338	0.823385
Cre01.g001350	2.56933	2.40989	2.05842	2.38145	2.01285	1.96141	2.21135	1.47535
Cre01.g001400	2.48686	3.79534	2.56563	3.425	4.13997	2.97636	2.77763	3.18714
Cre01.g001450	5.35976	6.15832	6.37194	4.1434	3.54699	5.26677	4.13164	6.567
Cre01.g001501	0.330451	0.270446	0.450034	0.296754	0.362702	0.281637	0.379835	0.329993
Cre01.g001550	18.2792	23.1909	33.8363	14.9129	23.893	26.1048	24.2894	32.6606
Cre01.g001600	1.43712	3.20047	1.97838	1.80783	3.16503	2.25698	1.2361	2.74676
Cre01.g001650	0.197369	0.206656	0.25018	0.15201	0.147839	0.161772	0.264312	0.283808
Cre01.g001657	1.97207	1.97391	2.12402	2.00189	1.74865	1.8207	1.99483	1.87748
Cre01.g001664	7.29083	3.51966	4.22014	7.88906	3.57518	4.01498	8.2623	2.6171
Cre01.g001678	3.09926	3.04787	3.85921	3.75834	3.76764	4.43831	3.15987	2.94457
Cre01.g001700	1.69955	2.5847	3.54894	1.48686	2.15418	3.54063	1.38624	1.13857
Cre01.g001750	31.891	68.8848	104.681	35.8312	81.5069	88.4218	45.3605	89.2241
Cre01.g001800	7.37166	20.4205	20.6444	6.91389	18.4424	18.0885	6.05492	19.9634
Cre01.g001950	3.43232	7.62311	10.7886	3.32593	7.97648	9.70273	3.62106	10.0973
Cre01.g001983	38.1836	110.689	126.662	40.5717	98.7157	147.559	45.6258	80.128
Cre01.g002050	6.0181	9.93166	10.9927	5.35009	11.5344	13.7449	5.62228	9.54872
Cre01.g002100	2.17065	4.62899	5.33895	2.50903	4.99284	6.32407	2.23392	2.8616
Cre01.g002150	5.45973	13.3129	12.0718	4.47043	7.23419	10.2409	2.67538	7.5558
Cre01.g002200	106.871	139.188	166.228	96.0964	113.77	140.074	77.3871	85.4336
Cre01.g002201	0.978377	1.06457	1.58368	0.849508	0.937265	1.28938	0.690908	0.856816
Cre01.g002227	2.64281	3.82018	3.89028	1.97579	3.25137	2.75089	2.76624	4.27787
Cre01.g002250	6.78357	9.85046	12.7245	5.47354	9.61042	9.98181	12.7823	16.047
Cre01.g002300	717.793	1449.16	1342.89	836.424	1302.82	1616.44	634.566	557.97
Cre01.g002350	10.735	18.0443	17.6337	11.7556	16.6718	21.1728	10.0424	10.4393
Cre01.g002400	16.0016	21.7966	14.1154	18.7573	36.8586	17.8686	24.1278	30.2187
Cre01.g002500	352.167	642.954	619.148	307.694	598.109	634.019	386.599	708.601
Cre01.g002550	3.10481	10.2299	8.25692	2.57561	10.1223	8.495	2.81231	11.6628
Cre01.g002600	0.0459971	0.046563	0.0183142	0.0208597	0.0804656	0.00520653	0.0311524	0.0760862
Cre01.g002650	0	0.00473996	0	0.00522472	0	0.00581942	0	0
Cre01.g002700	0.952562	1.68813	1.65456	1.17443	1.72416	1.91161	0.921567	1.78458
Cre01.g002750	0.426487	1.44052	1.31413	0.585569	1.40676	1.07287	0.478376	2.33943
Cre01.g002787	0.73921	1.22108	1.39711	0.723113	0.903164	0.8353	0.636682	1.31421
Cre01.g002900	41.5913	126.687	39.6629	43.3381	94.0628	34.6103	20.6579	78.9521
Cre01.g002950	6.73637	5.43284	6.17886	6.70077	5.86962	6.67455	5.65007	5.33564
Cre01.g003000	1.30443	0.811398	0.689331	1.55835	0.93942	0.648043	0.715499	0.543014
Cre01.g003050	0.914786	0.793106	0.877602	1.08374	0.880621	0.816682	0.830446	0.869729
Cre01.g003100	0.230121	0.256834	0.170369	0.250874	0.200566	0.168905	0.0563337	0.169682
Cre01.g003150	5.92331	4.93067	5.44491	6.26568	5.14094	6.14985	6.0566	3.52799
Cre01.g003200	4.96965	5.19507	4.40049	4.07292	5.51182	4.13037	3.40985	6.64623
Cre01.g003250	0	0	0	0	0	0	0	0
Cre01.g003300	0.00452332	0.00810881	0.0524876	0.0043063	0	0.00520785	0	0
Cre01.g003376	12.8489	5.73107	11.217	11.5966	6.89171	11.5575	11.4011	4.41997
Cre01.g003450	3.91306	2.48787	3.26258	3.39426	2.40895	3.28043	3.3701	2.40831
Cre01.g003463	7.71977	8.05545	7.72368	7.19146	4.7603	6.80403	5.02833	4.27492
Cre01.g003475	0.202552	0.20129	0.131203	0.251313	0.225419	0.0925049	4.70465	0.188502
Cre01.g003487	5.98224	4.81527	4.59344	5.41679	4.27619	4.55796	5.03033	4.04078
Cre01.g003500	0.793496	0.759726	0.832806	0.858315	0.890589	0.901259	0.833263	0.780287
Cre01.g003516	4.91712	3.22151	3.94406	7.17427	3.65115	5.00956	7.322	6.5559
Cre01.g003524	5.37268	7.64419	6.81727	4.50636	7.22112	6.17936	5.22362	9.32586
Cre01.g003550	10.236	11.4134	18.0896	11.1872	14.6439	17.7663	15.9684	15.4908
Cre01.g003650	7.57367	9.32795	7.92973	7.84372	9.46693	8.61608	8.51536	8.91255
Cre01.g003700	1.37528	1.27163	1.07542	1.14915	0.840455	1.00115	1.18089	1.18936
Cre01.g003751	0.108693	0.414022	0.00816552	0.0798143	0.333273	0.00642333	0.0280579	0.421096
Cre01.g003800	9.0736	10.3367	10.019	10.1266	11.0864	8.29775	5.83978	10.5215
Cre01.g003850	16.7395	13.5929	30.0502	18.132	13.8262	26.4271	47.2357	16.0845
Cre01.g003950	0.179785	0.629337	2.9794	0.14608	0.351975	2.08599	0.497283	0.734718
Cre01.g004000	33.9297	28.572	15.5498	26.9753	23.572	13.8913	38.8676	41.2822
Cre01.g004124	17.2945	13.9184	6.12365	12.1382	13.5241	5.654	12.6536	17.9495
Cre01.g004157	1.61183	8.5542	4.33157	2.13108	10.3765	5.07264	2.24292	9.4859
Cre01.g004200	1.63413	2.36534	2.1608	1.41507	2.19183	2.09221	1.80962	3.02583
Cre01.g004250	85.5614	136.884	98.2466	85.1854	118.289	94.5649	61.666	118.288
Cre01.g004300	153.116	103.327	147.367	173.899	132.833	142.457	171.726	92.7356
Cre01.g004350	11.2828	17.2044	17.161	13.272	23.1345	20.8807	13.7963	16.7728
Cre01.g004400	43.2776	40.5627	35.8608	33.7697	22.8845	30.9088	31.0477	28.2047
Cre01.g004450	190.1	77.922	53.3608	226.512	106.376	52.2525	249.509	79.4272
Cre01.g004500	160.986	128.046	161.092	160.627	144.962	162.617	153.034	101.668
Cre01.g004550	2.99007	5.32784	3.54313	2.57494	4.51866	3.06568	2.91989	6.1902
Cre01.g004600	9.00143	16.0747	13.6917	10.7322	17.5277	16.1437	10.4958	16.9578
Cre01.g004651	8.51794	7.8852	6.8332	8.50626	7.35917	7.67615	6.61194	5.91196
Cre01.g004700	14.1085	4.94667	10.7113	23.2046	4.28657	7.88891	30.3304	3.96384
Cre01.g004750	0.0394708	0.0594917	0.0497728	0.812267	0.229654	0.0255687	4.11891	2.27873
Cre01.g004800	16.8992	24.2723	45.1204	20.0074	29.9529	55.7209	19.0178	17.4808
Cre01.g004850	0.59816	0.41587	0.41323	0.57625	0.470072	0.46556	0.730933	0.575527
Cre01.g004900	7.79484	8.04177	27.8716	8.47073	12.0726	25.5604	6.01496	9.29094
Cre01.g004950	38.9111	50.4178	43.325	37.5158	41.9491	38.6147	35.692	32.3401
Cre01.g005001	12.6465	9.80762	9.70978	11.0892	7.99136	7.94607	12.3648	5.96327
Cre01.g005050	309.892	321.485	245.508	389.836	336.536	276.794	295.364	223.076
Cre01.g005100	3.1341	1.82545	1.12407	2.72006	1.24875	1.07096	2.81829	1.65883
Cre01.g005150	76.3988	114.468	60.2426	109.899	116.624	99.6997	157.644	231.793
Cre01.g005200	1.47768	0.880981	0.720577	1.25698	0.945274	0.629786	1.207	1.44839
Cre01.g005300	0	0.0114164	0	0	0	0	0	0
Cre01.g005400	0.142151	0.344055	0.0529205	0.224651	0.2183	0.0489821	0.130859	0.299726
Cre01.g005450	33.2867	67.007	43.7901	32.5294	50.4136	36.8079	22.0781	50.0652
Cre01.g005500	8.85442	6.845	6.54588	8.54107	6.29708	6.56197	8.05274	5.08806
Cre01.g005543	0	0	0	0	0	0	0	0
Cre01.g005550	20.5205	21.7343	30.0093	17.7758	17.8362	24.9446	20.6043	21.5164
Cre01.g005600	4.45939	5.12162	4.97935	5.0346	4.90227	4.36656	4.66051	4.62609
Cre01.g005651	0.0953428	0.0885609	0.225991	0.145449	0.104069	0.342771	0.222495	0.0147266
Cre01.g005701	2.16259	2.80697	3.0769	1.63124	1.83243	2.98904	1.50449	1.57395
Cre01.g005750	0.0329935	0.0382408	0.0353198	0.0644871	0.0222192	0.0161505	0.0784789	0.0523361
Cre01.g005813	4.38626	3.58802	4.13781	3.91497	3.63886	5.27896	3.01587	3.3648
Cre01.g005850	34.1066	8.05607	17.6784	41.5019	22.8324	44.7272	28.3291	9.48617
Cre01.g005900	7.87519	7.36518	8.03799	8.25332	6.59943	8.48419	7.34513	5.08126
Cre01.g005950	102.156	94.9674	142.918	100.645	125.261	135.32	131.109	106.245
Cre01.g006000	0.892788	1.38311	0.809657	0.784184	1.39677	0.867793	1.1331	3.37197
Cre01.g006050	3.10824	3.20311	2.78385	2.87454	3.18312	2.91294	3.97361	3.69037
Cre01.g006100	6.10822	4.45937	6.41496	6.94722	6.38839	5.3774	8.26905	5.65689
Cre01.g006150	9.10045	7.30723	9.69111	8.57945	8.90478	7.83095	11.4416	14.0948
Cre01.g006450	0	0	0	0	0	0	0	0
Cre01.g006600	0	0	0	0	0	0	0	0
Cre01.g006614	0	0.00484489	0	0	0.00547305	0	0	0
Cre01.g006766	0	0	0	0	0	0	0	0
Cre01.g006800	4.68991	5.55804	4.69625	4.01895	4.20934	4.10114	4.41367	4.87458
Cre01.g006850	13.5944	14.6536	13.6411	14.9527	13.8237	12.8238	11.1887	12.2838
Cre01.g006900	1.47942	0.810935	1.01984	1.40128	0.762057	0.869025	1.22165	1.07236
Cre01.g006950	45.799	94.7486	80.2037	58.5442	111.057	89.8145	56.5401	156.679
Cre01.g007000	2.4307	16.0879	14.6391	2.42325	18.0885	16.9565	4.83955	20.7849
Cre01.g007050	7.0428	9.29269	11.1954	8.28838	10.9449	14.4967	16.1153	14.0155
Cre01.g007051	1408.72	654.215	754.137	1436.45	751.926	814.186	1344.31	895.646
Cre01.g007100	1.42757	1.29744	1.40795	1.49184	1.12739	1.39876	1.50124	1.31544
Cre01.g007150	5.04946	4.12473	4.9485	4.90327	2.8307	4.52504	4.02377	2.88438
Cre01.g007200	11.3083	11.4528	13.0901	11.0139	11.1588	12.4528	10.9501	10.9529
Cre01.g007251	0.0425143	0.520512	0.431513	0.403092	1.45929	0.344536	0.448309	0.736288
Cre01.g007300	5.4783	2.69373	4.62572	4.18389	2.34292	4.38782	3.16144	1.21065
Cre01.g007350	20.8732	19.8874	19.2764	15.4876	10.4062	16.2354	10.4191	10.5874
Cre01.g007400	2.38357	1.45278	1.88427	2.65094	2.24789	1.84636	4.82109	3.97672
Cre01.g007450	0.00226795	0.0243558	0.0406545	0.00728662	0.0332213	0.169135	0.00386649	0.00505307
Cre01.g007500	0.320055	1.95284	1.79794	0.449638	2.12149	2.32276	0.688572	1.72736
Cre01.g007550	3.54301	4.51394	4.94435	3.72016	3.12867	4.09805	5.03658	3.56341
Cre01.g007600	30.1851	24.4428	28.2006	29.1471	24.7374	32.7708	55.2398	30.7151
Cre01.g007651	4.81575	2.46409	3.85896	3.56606	2.53223	3.10719	3.56328	2.05909
Cre01.g007700	46.0775	44.6893	27.7819	44.636	30.367	20.1587	41.8051	24.9176
Cre01.g007737	9.85901	9.5262	5.76174	13.6119	14.3862	7.11612	12.7516	16.7445
Cre01.g007774	12.8393	11.697	14.5844	11.7737	11.9119	14.7456	11.38	9.49826
Cre01.g007811	3.10876	3.24846	3.15732	2.51805	2.01624	2.53831	1.7213	2.56501
Cre01.g007850	111.239	72.6035	73.2845	105.813	76.0171	80.8401	110.144	62.6294
Cre01.g007901	17.9637	10.4478	13.1226	16.2862	12.0169	12.4474	20.592	13.5182
Cre01.g007950	3.22425	1.28743	3.74758	4.25702	1.32611	4.59579	3.3658	1.03922
Cre01.g008000	4.06815	2.95987	2.32479	3.92571	2.52272	2.11059	3.59402	2.28172
Cre01.g008051	7.50695	9.56591	7.58648	6.82836	7.45644	7.86433	7.03104	8.74689
Cre01.g008100	7.06692	17.3427	22.1567	8.72699	20.3982	21.3274	6.64022	12.7308
Cre01.g008150	1.89513	2.28571	2.00387	2.26554	3.06442	2.07165	3.46013	3.95798
Cre01.g008200	1.44019	1.09864	1.20166	1.20266	1.19192	0.979703	1.35468	1.00943
Cre01.g008250	0.066436	0.0298166	0.0930357	0.0459829	0.060423	0.140878	0.0456792	0.00211306
Cre01.g008300	0.109178	7.54375	14.378	0.116771	10.1795	19.3562	0.183855	3.68482
Cre01.g008350	0.430771	8.6466	10.8358	0.620737	13.9821	13.631	0.889069	10.7807
Cre01.g008450	10.5632	14.2327	12.7419	8.74679	7.54791	10.0817	5.5039	8.77301
Cre01.g008500	4.01891	4.42872	4.4508	3.59873	3.08987	3.82576	2.18608	2.9947
Cre01.g008550	21.243	19.3466	17.2655	18.5827	11.5491	16.9152	20.2807	17.4873
Cre01.g008600	1.88086	1.64099	1.9214	1.80573	1.53154	1.68667	1.45941	1.45015
Cre01.g008650	4.93018	14.4857	10.3561	9.06065	24.3048	16.5968	5.83719	19.0654
Cre01.g008700	7.27956	19.3458	13.107	11.6097	30.3101	19.5302	8.27486	24.0527
Cre01.g008750	0.0105635	0.0190376	0.0210412	0	0.0137558	0.00505379	0.00658575	0.00254492
Cre01.g008800	0.663153	0.455881	0.64335	0.69346	0.390437	0.704192	1.0485	0.373157
Cre01.g008850	16.6989	12.0611	9.23864	22.488	15.0603	11.6852	18.0584	8.54799
Cre01.g008891	1.80959	1.65998	1.9674	1.95363	1.91017	2.16569	2.60591	2.7335
Cre01.g008900	0	0	0	0	0	0	0	0
Cre01.g008950	16.4835	19.6213	14.4847	18.3523	17.841	14.3557	13.4507	16.6879
Cre01.g009000	3.085	4.18321	2.50651	3.71125	5.12649	2.70683	10.3704	7.06379
Cre01.g009050	0	0.0156943	0.0314744	0	0	0	0	0
Cre01.g009101	3.41288	1.90644	2.36341	2.57355	3.01368	3.42605	5.00267	3.79129
Cre01.g009150	1.36432	1.93047	1.81624	1.64452	2.07434	1.9846	1.24514	2.73814
Cre01.g009200	2.36952	3.6665	3.7333	2.04724	2.69601	3.28221	2.29604	3.65214
Cre01.g009250	25.8	39.3817	38.7587	22.6074	21.0567	31.5715	14.8114	21.3102
Cre01.g009300	19.8041	14.2579	12.4012	22.0041	15.2061	13.7971	16.2355	14.5647
Cre01.g009325	0.328696	0.578838	0.564469	0.319954	0.428635	0.466849	0.102215	0.270924
Cre01.g009350	23.2822	20.8075	24.0822	36.3489	35.7688	41.754	17.7226	19.2431
Cre01.g009400	0.147926	0.592789	0.630571	0.116985	0.866496	1.00104	0.108422	1.24741
Cre01.g009450	1.24208	0.866321	0.824464	1.13571	1.01522	0.917608	1.29267	1.14238
Cre01.g009500	0.96972	3.81301	5.15715	0.539557	4.00093	5.2469	0.861405	4.20236
Cre01.g009550	2.13009	2.75833	3.58916	1.91942	3.48344	4.78479	2.48462	3.50878
Cre01.g009575	0.0862131	0.273221	0.184958	0.23607	0.403118	0.167237	0.0659117	0.363715
Cre01.g009650	3.48417	6.77737	5.48388	4.36531	8.37327	4.57532	3.77417	9.74281
Cre01.g009700	4.57972	5.56055	6.39068	4.4817	4.81378	6.86041	3.98253	5.11674
Cre01.g009731	0.727289	0.557139	0.668307	0.689416	0.38216	0.673567	0.480039	0.395542
Cre01.g009765	0.010084	0.617426	0.611506	0.0161014	0.517916	0.5208	0.00821567	0.353388
Cre01.g009800	2.88314	6.32974	3.63513	2.30097	5.74496	3.10917	2.60042	6.55237
Cre01.g009850	2.5578	4.7441	3.61835	2.36299	4.83727	3.53446	2.48015	4.97154
Cre01.g009900	10.1573	46.831	32.8645	14.5756	56.4905	74.0151	39.2888	81.5249
Cre01.g009950	30.9204	10.7363	13.5696	23.7542	9.04322	10.3409	25.622	9.34422
Cre01.g010000	27.681	25.7231	22.9978	26.5622	21.5572	22.7789	25.2477	24.3771
Cre01.g010050	4.64257	3.08533	2.93668	4.9469	3.60954	3.17529	4.25018	3.21709
Cre01.g010100	13.4308	10.0525	6.84421	18.5194	12.2588	11.0322	15.4714	9.85602
Cre01.g010150	0.854615	0.663844	1.07201	0.941457	0.593188	0.960216	0.885887	0.581009
Cre01.g010201	3.45724	1.53496	3.42063	3.60098	1.31729	2.93664	3.72702	1.03989
Cre01.g010250	3.63714	4.64341	3.73769	3.82438	3.73506	3.7855	2.59286	3.02179
Cre01.g010296	34.3066	18.6565	16.6808	23.6488	10.5825	15.3572	9.62153	10.1028
Cre01.g010300	4.25265	4.78631	3.30469	4.31431	2.70492	2.51102	1.58889	1.56037
Cre01.g010350	10.0679	4.43187	3.65008	18.0541	5.96817	3.41772	20.998	5.45467
Cre01.g010400	682.679	1043.46	655.11	1095.07	1519.56	1469.62	1259.13	1280.35
Cre01.g010450	41.1005	28.5349	27.8457	37.9281	20.3886	24.4659	29.7781	18.8598
Cre01.g010500	64.6204	59.1152	66.9859	82.0696	62.0544	69.8332	80.524	36.3837
Cre01.g010550	0.991724	1.74116	1.0675	1.2588	2.22274	1.21418	1.46612	1.92854
Cre01.g010650	0.523528	0.539108	0.488192	0.567076	0.548944	0.608759	0.522483	0.430296
Cre01.g010700	12.0592	24.1556	12.2009	14.222	30.314	14.7519	15.5597	26.4696
Cre01.g010750	5.95967	15.4761	9.03931	6.71329	17.3852	10.1696	5.82969	14.575
Cre01.g010800	2.43062	5.02131	3.1708	2.57363	5.1666	3.30251	2.63946	4.66029
Cre01.g010816	5.90626	7.99389	3.46517	5.02343	4.6154	2.78943	2.95201	4.37805
Cre01.g010832	4.64212	0.216338	0.0909242	8.47008	0.193796	0.119956	1.84588	0.205566
Cre01.g010848	10.939	11.5868	9.06295	10.1473	10.7297	6.89799	14.8598	11.8852
Cre01.g010864	3.33834	2.14248	1.45378	2.23448	1.48666	0.723932	4.656	3.42101
Cre01.g010880	3.28937	3.38187	1.52961	2.85232	2.34457	1.20028	2.39458	3.11287
Cre01.g010900	1183.63	2260.67	1862.39	1198.94	2208.01	2016.37	1364.88	2653.06
Cre01.g010950	2.56582	2.19107	1.21177	3.06135	2.69629	1.27714	2.55049	2.45471
Cre01.g011000	1575.93	1820.26	993.096	1646.83	1940.67	997.005	1419.38	2196.47
Cre01.g011100	20.12	24.3293	8.98004	34.082	32.5684	9.80688	33.0994	40.3851
Cre01.g011150	0.00254339	0.0257788	0.079057	0	0.0181729	0.140765	0	0.0245328
Cre01.g011200	16.1688	26.9303	20.6577	14.2748	22.1059	17.8599	17.2983	21.9887
Cre01.g011250	0.671658	0.352852	0.259221	0.5034	0.209896	0.269513	0.396518	0.342771
Cre01.g011300	37.3504	39.6114	13.1787	46.2917	48.3628	16.843	52.9609	36.7019
Cre01.g011350	16.4883	18.3119	13.3898	12.9356	15.9388	11.2506	14.253	17.9211
Cre01.g011400	1.96259	5.31261	2.50224	1.9794	4.81134	2.60526	1.59532	3.7592
Cre01.g011450	10.3899	18.9183	10.8542	12.1296	22.3101	11.789	11.7021	23.629
Cre01.g011500	76.1016	145.871	68.1593	84.4767	108.002	72.394	62.7838	76.5724
Cre01.g011550	0.30611	1.06991	0.522929	0.388977	0.680358	0.378353	0.151596	0.414191
Cre01.g011600	9.04456	27.6567	18.0722	9.06667	37.2525	19.6538	10.2225	35.5885
Cre01.g011630	48.557	32.7475	34.0473	43.3552	23.6465	40.9022	44.8854	4.52737
Cre01.g011660	13.0734	7.43826	12.8937	15.9409	5.70067	12.9385	21.1523	1.2593
Cre01.g011750	1.76301	2.94297	1.80673	1.90413	3.12236	2.05354	1.96615	2.22513
Cre01.g011800	0.218242	3.69934	1.36603	0.352909	4.47059	1.25173	0.440385	6.25682
Cre01.g011850	1.57813	5.03347	2.86603	1.54744	6.00379	2.79613	2.28643	7.48853
Cre01.g011901	0.658565	2.15153	1.13813	0.706029	1.68601	1.09536	0.701534	1.75643
Cre01.g012000	0.146694	0.146377	0.0586736	0.114671	0.123165	0.0746044	0.166429	0.188408
Cre01.g012050	0.0160393	0.621839	1.15876	0.0286337	0.596799	0.60819	0.0781581	0.706737
Cre01.g012100	0.0573286	0.232119	0.0727328	0.0348799	0.115783	0.0902982	0.156217	0.10473
Cre01.g012126	1.46367	0.883284	0.850489	1.46519	1.25831	1.48333	1.4756	0.363368
Cre01.g012150	42.6693	52.0342	33.5005	38.7781	49.0725	30.9316	61.7345	45.6154
Cre01.g012200	10.4833	11.2701	7.4473	11.1895	12.9506	7.82272	11.8047	14.7167
Cre01.g012300	40.6648	71.2116	37.7317	36.4173	60.0361	34.1955	37.9693	58.8317
Cre01.g012350	8.7758	9.84397	8.20361	6.51094	10.5589	7.06302	5.99821	10.5334
Cre01.g012400	2.53901	7.08016	2.87759	3.15944	9.6726	3.31872	4.50462	15.4176
Cre01.g012450	30.4413	53.2356	23.7392	35.3342	54.8677	26.1215	32.9062	45.0025
Cre01.g012500	95.7722	177.161	72.5291	128.778	203.909	82.948	98.7134	141.46
Cre01.g012550	0.643174	1.71647	0.670222	0.429844	1.63314	0.566359	0.513403	1.73284
Cre01.g012600	2.52862	8.60095	3.36744	2.57863	6.22788	3.31608	3.81444	4.93009
Cre01.g012650	0.0120841	0.018445	0.00786219	0.0321203	0.0214306	0.0182211	0.0186669	0.0165388
Cre01.g012700	0	0.214531	0.775426	0.00643214	0.250213	1.38727	0.00902824	0.058976
Cre01.g012750	0.891996	2.42508	1.35131	0.742524	3.33125	1.37707	1.01249	3.26423
Cre01.g012800	4.19497	13.8584	4.65904	3.91925	11.6236	4.31564	2.71253	11.8696
Cre01.g012850	0.0179223	0.644604	0.443239	0.0524192	0.865786	0.636715	0.0120364	0.238779
Cre01.g012900	3.01025	5.85757	3.61404	3.33647	6.81779	4.04091	3.95859	6.0589
Cre01.g012950	0.0931064	0.730367	1.03418	0.181045	1.20483	1.61183	0.16159	0.513072
Cre01.g013000	1.49829	0.609824	0.232902	1.483	0.990562	0.323206	1.96543	1.08507
Cre01.g013050	2.93076	6.9903	3.35206	3.40538	8.54282	3.70013	6.60527	13.5577
Cre01.g013100	36.7807	23.3857	5.16407	39.2523	17.1953	5.40942	25.871	1.83849
Cre01.g013150	15.2775	65.8569	33.1119	14.5666	55.2244	34.6217	12.7024	37.304
Cre01.g013200	28.0882	42.3338	19.7697	30.3268	38.4814	19.4644	24.1957	27.9653
Cre01.g013250	4.66108	8.48224	4.69467	5.06803	8.87164	4.7864	5.18375	6.5388
Cre01.g013300	16.3075	37.2874	15.2899	16.1778	37.9862	15.6479	15.7002	36.7343
Cre01.g013350	174.398	383.449	467.483	170.566	514.5	420.063	240.643	477.413
Cre01.g013400	1.94579	5.13182	1.93627	2.05132	4.98637	1.67264	1.99533	5.91355
Cre01.g013450	0.957853	0.495024	0.182273	1.42525	0.657056	0.182997	1.1704	0.860623
Cre01.g013500	0.597483	4.06622	4.67689	1.1522	6.19832	6.08497	0.986469	4.03648
Cre01.g013550	3.83916	5.81887	3.99038	3.56537	5.26924	3.93788	3.87641	6.15499
Cre01.g013600	43.6134	60.5544	34.9296	46.4843	56.923	38.0669	31.6316	38.0497
Cre01.g013650	4.37666	6.93454	3.88306	3.60838	5.57565	3.49137	3.01062	6.11329
Cre01.g013700	324.491	588.83	268.908	352.217	530.121	305.929	304.727	401.827
Cre01.g013750	1.96422	4.28536	1.77254	1.764	3.31738	1.50101	1.90797	3.09857
Cre01.g013769	8.86958	17.245	6.52074	8.28297	11.3338	6.0273	6.5486	10.5998
Cre01.g013800	5.06716	6.8633	6.44015	4.33708	6.54404	5.9517	4.16044	5.81968
Cre01.g013801	6.21161	10.5692	5.81146	6.1395	12.5197	6.85354	7.09893	9.58611
Cre01.g013850	2.40051	5.47229	2.45719	2.42702	5.79338	2.68926	2.24923	5.60656
Cre01.g013900	7.33046	2.05933	0.167306	6.82106	1.92348	0.172995	7.20754	2.18409
Cre01.g014000	47.3895	59.6259	45.7652	41.1329	65.1038	38.0805	66.8326	67.3092
Cre01.g014050	53.5252	67.5853	48.8864	47.9976	63.9957	39.4247	44.184	52.2764
Cre01.g014100	3.36608	3.99183	3.10095	2.95457	5.27069	3.45744	2.95171	3.1951
Cre01.g014150	3.65854	7.41007	3.04174	3.90162	6.82277	2.94199	4.67358	8.05425
Cre01.g014200	1.22316	2.95816	1.68366	1.0075	3.34411	1.78242	0.846101	2.607
Cre01.g014250	6.93156	11.1058	7.4343	6.9643	15.8167	8.01219	6.26819	12.5364
Cre01.g014300	6.30818	10.7429	5.90839	5.93941	9.5625	5.2735	5.00299	9.41322
Cre01.g014350	209.503	285.908	174.417	210.814	306.737	183.041	218.904	173.176
Cre01.g014400	4.52828	3.78618	1.13297	5.33948	7.78432	1.89512	6.10312	3.37443
Cre01.g014450	1.92698	5.63317	2.34973	1.82776	6.84949	2.27582	1.77887	7.82158
Cre01.g014500	3.79818	8.04879	5.35728	3.51847	7.64954	4.8844	3.99469	8.06368
Cre01.g014650	26.5615	24.6258	10.954	25.657	25.5089	10.592	26.5035	26.8708
Cre01.g014700	9.33228	12.7672	6.27908	9.20863	12.6088	6.69196	9.82982	13.4895
Cre01.g014751	0.0269853	1.48245	1.18188	0	1.15223	0.842887	0	1.06328
Cre01.g014800	2.6089	4.25042	1.99141	2.58007	4.18161	2.26727	3.19759	5.43649
Cre01.g014850	11.2333	21.9589	12.7968	11.4083	17.7514	13.2692	11.3128	12.3095
Cre01.g014900	3.16137	8.67549	6.17795	3.20334	9.06842	6.64731	3.09399	11.0118
Cre01.g014950	4.17524	7.54932	3.87551	4.99606	9.37164	4.52085	5.34579	11.1753
Cre01.g015000	35.2704	46.7967	33.6285	35.5794	47.3644	35.348	38.3629	32.1041
Cre01.g015050	4.71094	6.41728	3.89721	4.91304	6.23588	4.19502	4.88565	5.36909
Cre01.g015100	0	0	0	0	0	0	0	0
Cre01.g015103	1.93317	2.71631	1.34542	1.85074	2.99171	1.31734	2.00684	3.74768
Cre01.g015150	2.05991	1.49626	0.519719	1.87819	1.32324	0.67428	2.34951	1.27282
Cre01.g015200	0.721925	3.83876	0.744662	0.786968	3.91627	0.728999	0.837013	4.77368
Cre01.g015250	16.3555	35.3695	14.3266	14.8501	19.4424	12.0666	9.04675	14.1621
Cre01.g015300	1.33451	1.91048	1.26914	0.907261	1.61934	1.07556	1.24555	2.49924
Cre01.g015350	213.878	257.927	308.038	198.513	333.72	225.484	256.643	265.045
Cre01.g015400	2.85686	9.37635	5.58377	2.66868	10.6966	5.79013	4.05201	16.4891
Cre01.g015451	0.631893	0.986606	0.647812	0.600107	1.36459	0.78717	0.796974	1.50877
Cre01.g015500	14.0352	37.7379	18.6852	18.7735	57.2514	24.1636	16.2308	53.7196
Cre01.g015550	2.3031	3.42745	1.17958	2.0955	4.10306	1.33466	3.27643	5.33755
Cre01.g015600	13.4205	15.4133	10.4934	13.3327	15.1272	10.4824	9.89258	7.74912
Cre01.g015650	10.7308	15.986	11.329	8.551	12.2307	9.37111	9.59115	6.96496
Cre01.g015700	4.35284	5.58222	3.06117	2.93	5.15367	2.56286	5.09784	6.74894
Cre01.g015750	14.0019	28.9624	12.3345	11.3956	22.2802	10.1874	13.6738	26.7119
Cre01.g015850	8.57474	39.3108	11.3828	8.16243	36.1449	9.56368	6.92441	34.7313
Cre01.g015950	16.5616	27.868	14.1454	15.1789	25.8928	12.2375	17.1909	34.0847
Cre01.g016001	0.654974	1.05901	0.743604	0.653843	1.21521	0.791564	0.493915	1.28764
Cre01.g016050	91.5066	133.159	73.2671	96.0159	122.24	77.8134	76.9223	77.9463
Cre01.g016100	0.040839	0.0745091	0.0462892	0.00523083	0.0595338	0	0.0508353	0.0421443
Cre01.g016150	11.6319	5.38264	3.76957	11.4625	3.92486	3.62868	15.5447	4.04527
Cre01.g016200	2.84755	5.33768	3.18445	3.20665	7.05112	3.88548	3.79385	8.88066
Cre01.g016250	1.97694	4.79473	2.81827	2.91404	5.28254	2.51169	2.37921	7.2476
Cre01.g016300	75.3385	162.456	65.1944	139.634	295.113	70.5447	132.132	253.542
Cre01.g016350	5.51267	19.3197	7.5235	6.57486	19.8951	7.74667	8.48965	26.9124
Cre01.g016400	31.5199	96.6957	53.4804	33.67	113.44	56.0501	19.4247	85.5906
Cre01.g016450	3.23412	1.98971	1.22292	3.0548	2.25071	1.3449	2.72448	1.12921
Cre01.g016500	43.6363	73.0442	49.9827	40.8104	73.6824	52.6877	52.7655	70.2548
Cre01.g016514	59.2893	100.6	67.2321	55.5433	95.0817	68.2324	67.2583	87.231
Cre01.g016528	25.9984	21.9806	12.2963	23.0721	23.4296	12.8895	19.2783	16.8415
Cre01.g016542	0.0604606	0.00793126	0.00818293	0.0581574	0.0779204	0.00809392	0.0359446	0.0892042
Cre01.g016556	33.6345	60.9571	31.6016	37.2071	58.7299	33.6701	30.4261	45.5574
Cre01.g016570	4.92793	8.40764	4.31331	5.94344	8.81567	4.23722	5.58981	7.79712
Cre01.g016600	0.049387	1.59258	2.00157	0.0221056	0.700744	1.23491	0.0313802	1.34936
Cre01.g016700	5.05132	10.7852	4.80989	4.15376	13.0911	4.95086	7.41699	12.9426
Cre01.g016750	0.0265481	0.576441	0.882405	0.0162129	0.438658	0.562198	0.074125	0.666175
Cre01.g016800	1.75113	5.00798	2.69697	1.45245	3.3299	2.33062	1.95719	4.66188
Cre01.g016850	240.307	347.533	199.807	234.813	347.804	187.609	174.465	206.841
Cre01.g016900	125.838	232.3	78.8748	141.201	317.307	85.1533	147.57	300.761
Cre01.g016950	7.57028	15.1825	7.23746	6.73975	13.1418	7.6867	6.51001	12.5821
Cre01.g017050	14.282	26.4365	13.5881	13.5442	23.2889	13.0192	12.838	21.2067
Cre01.g017100	3.06142	5.48703	3.01141	2.61809	3.67615	2.39515	3.10273	4.02048
Cre01.g017150	0.602157	0.957183	0.335836	0.451569	0.546826	0.283908	0.278016	0.545352
Cre01.g017200	6.91902	10.108	5.34226	7.07508	11.1821	6.32964	7.0969	9.59285
Cre01.g017250	7.13023	14.898	8.06876	6.28911	11.8542	6.9321	5.6505	14.0595
Cre01.g017300	240.173	287.12	187.172	200.88	286.676	146.876	325.235	311.897
Cre01.g017350	0.918136	1.20637	1.40735	0.73048	1.05143	1.13043	1.78975	1.2788
Cre01.g017400	3.72731	11.96	3.58197	4.34531	15.7039	4.46199	3.7409	11.5382
Cre01.g017450	8.01434	21.4748	9.51456	7.00312	10.9278	7.91295	3.6037	7.58196
Cre01.g017500	21.9011	43.5173	22.5665	24.1737	58.0071	24.619	17.6261	49.7748
Cre01.g017550	1.03833	1.19702	0.334655	1.60432	1.96055	0.512893	0.905456	0.989317
Cre01.g017600	18.2378	1.64435	0.270904	16.7788	2.00616	0.2669	24.3524	1.51628
Cre01.g017650	21.3351	3.09331	0.385202	22.6098	3.4767	0.288617	15.5894	3.77759
Cre01.g017850	1.6218	0.00517933	0.00495311	2.00758	0	0.00552715	2.01026	0
Cre01.g017900	2.59734	0.0944563	0.0190549	2.29157	0.117279	0.0360302	3.33527	0.060152
Cre01.g017951	1.4167	0.345835	0.0949948	1.65026	0.680001	0.111396	1.19802	0.243028
Cre01.g018000	23.1327	35.6935	24.5699	19.2133	31.0143	21.9834	17.0974	23.7323
Cre01.g018050	10.9668	17.7253	9.75492	12.1545	16.1448	10.7496	10.5334	10.5928
Cre01.g018075	2.42651	7.49778	2.34208	2.54711	8.71613	1.93689	2.91738	10.0456
Cre01.g018100	3.61326	5.71237	3.5734	3.24603	5.67029	3.75657	4.62263	9.04029
Cre01.g018150	3.62532	7.93495	3.83764	3.62016	9.5129	5.3204	3.65763	11.2053
Cre01.g018200	7.68256	11.8678	6.88686	7.97228	11.1444	7.74729	6.9511	9.72654
Cre01.g018350	8.60626	58.4133	27.2006	7.7499	52.9442	25.3106	7.90351	46.7639
Cre01.g018400	10.8875	17.376	9.34326	12.8342	21.9865	10.1311	11.4264	17.4571
Cre01.g018450	5.74798	7.82197	3.59193	5.65894	6.47551	3.20052	6.5373	6.26736
Cre01.g018500	1.80022	2.93616	1.84184	1.71198	3.20385	1.47534	3.16158	8.24545
Cre01.g018550	4.87075	7.61191	2.83511	4.63831	7.91148	2.71246	4.81208	9.44171
Cre01.g018600	26.5236	77.9156	41.1876	36.1089	98.6481	51.1241	31.9261	72.4361
Cre01.g018650	9.55683	18.4958	13.0538	9.66337	23.0704	15.0203	9.50027	19.6813
Cre01.g018700	1.45938	4.71358	1.08491	1.45471	4.4651	0.755368	1.12147	6.40528
Cre01.g018750	1.82425	4.15368	1.64043	1.63069	4.55298	1.39208	1.81176	5.84483
Cre01.g018800	203.741	314.96	166.568	224.115	351.439	204.802	175.926	173.46
Cre01.g018850	2.67675	5.94443	3.41568	3.30874	7.05148	3.39052	3.48291	7.66306
Cre01.g018900	4.12715	5.95262	4.11345	4.7829	8.37235	5.02966	4.318	7.47501
Cre01.g018950	36.5442	40.1713	31.9143	32.624	41.2019	28.7348	33.4892	34.9793
Cre01.g019000	8.41203	7.01736	10.6576	9.33771	9.58051	12.5079	13.5688	10.3449
Cre01.g019051	0.00531706	0	0.0116206	0.0204783	0.0204716	0.0306287	0.00646769	0.011829
Cre01.g019100	4.09885	5.20229	3.33591	3.60508	4.96582	2.65537	4.35182	4.73565
Cre01.g019150	3.43315	13.7253	5.3975	2.98281	8.77414	5.46653	1.8099	8.63993
Cre01.g019200	14.71	36.7823	35.2142	10.7577	30.5182	26.4442	8.41232	29.2696
Cre01.g019250	183.459	990.544	476.082	203.771	853.5	501.45	184.76	408.528
Cre01.g019300	0.610012	4.80121	1.60302	1.04	6.70136	1.82994	0.842817	7.62072
Cre01.g019400	0.386414	0	0	0.240458	0	0	0.15445	0
Cre01.g019450	12.5965	42.0936	15.9701	11.0759	26.8415	12.5184	8.66357	27.968
Cre01.g019500	6.53776	25.4699	12.3982	7.04264	24.761	10.9448	7.1377	22.1771
Cre01.g019550	0.128331	6.97055	1.98676	0.0478785	11.168	1.60426	0.0731581	12.4291
Cre01.g019600	26.5965	291.269	124.156	27.5368	268.163	138.915	25.291	184.523
Cre01.g019650	6.85916	21.2047	10.9085	7.8322	24.3221	12.2558	9.00759	14.3466
Cre01.g019700	1.99374	11.3878	4.5433	1.77305	8.12594	4.29194	1.28798	8.33687
Cre01.g019750	15.4198	83.0933	34.3193	14.2729	58.7996	28.3527	13.4327	67.8143
Cre01.g019850	12.366	75.6217	39.2301	15.3656	84.6245	52.4293	15.0137	77.089
Cre01.g019900	1.87193	18.739	6.52302	1.42001	15.2916	5.50102	1.45432	17.1631
Cre01.g019950	0.57403	7.2445	5.35287	0.635546	10.2077	4.14245	0.12674	2.96844
Cre01.g020000	0.00612106	0.155306	0.0332462	0	0.244273	0.0594768	0.0117372	0.178582
Cre01.g020050	2.51577	14.0157	5.64109	1.75904	7.87844	5.08795	1.45337	11.7789
Cre01.g020100	0.00609892	0.0336762	0.0269747	0.00425001	0.0380741	0.0322205	0.00375702	0.0419078
Cre01.g020182	2.36325	27.3127	11.3608	1.85389	28.8663	11.9464	1.62464	19.1246
Cre01.g020223	0.134192	5.94525	3.13938	0.333389	6.92262	3.4195	2.34294	10.8233
Cre01.g020264	2.16372	12.7636	6.52438	2.32435	14.8505	7.69708	3.71263	18.5679
Cre01.g020305	91.1288	165.644	24.2885	97.8059	191.762	33.0557	67.6273	179.141
Cre01.g020350	132.311	974.625	429.593	146.738	1077.88	519.235	111.059	737.101
Cre01.g020400	15.9288	74.3574	35.336	13.8912	62.2643	34.618	14.3876	49.922
Cre01.g020450	0.745331	1.1477	0	0.325148	0.554428	0.762036	0	0.729954
Cre01.g020500	0	0	0	0	0	0	0	0
Cre01.g020575	0.747408	6.8457	2.93985	0.705428	4.62338	2.59763	0.635998	5.48319
Cre01.g020650	1.17001	12.4546	5.97399	1.29089	11.4782	6.30795	1.10064	10.8626
Cre01.g020701	0.735025	2.72507	1.23442	1.15986	4.66441	1.47735	0.554156	2.57428
Cre01.g020750	12.2843	96.1162	61.0667	15.5502	111.174	71.3005	15.1766	116.943
Cre01.g020800	3.93925	32.6587	8.94413	4.12831	34.4058	9.14911	4.5474	41.2599
Cre01.g020850	0.62218	1.62367	1.49242	0.509998	1.45563	1.35265	0.308777	1.7219
Cre01.g020887	1.70333	8.83073	2.72676	1.82881	10.6368	2.8699	1.66348	11.1202
Cre01.g020918	33.976	217.388	101.997	38.513	249.98	132.326	49.4285	183.911
Cre01.g020950	41.1003	130.507	89.9798	34.7049	128.718	77.5384	30.084	116.51
Cre01.g021000	0.317696	1.53559	0.911456	0.287338	1.76135	0.857189	0.311785	1.72952
Cre01.g021050	8.7945	38.7747	32.7895	8.02531	41.9383	34.2198	9.5447	26.7551
Cre01.g021100	0.483758	2.61906	1.5317	0.465505	2.98621	1.69341	0.516182	2.95449
Cre01.g021150	7.09501	31.6695	20.9421	6.26829	33.2284	18.9536	6.11635	35.8108
Cre01.g021200	0.622544	5.24659	3.76352	0.741802	6.63949	4.61942	0.588876	7.23965
Cre01.g021251	42.8949	221.589	127.289	47.0804	289.234	153.293	48.9107	169.187
Cre01.g021300	0	0	0.0126352	0	0	0.0145968	0	0.0142302
Cre01.g021350	17.8601	159.341	79.5245	18.2055	154.143	83.174	31.43	186.722
Cre01.g021400	5.37331	38.384	21.8085	5.05645	36.5578	22.4469	4.76304	35.2364
Cre01.g021450	10.5523	50.7965	24.2928	11.5134	45.7845	28.1698	9.08757	25.2678
Cre01.g021500	26.5764	243.081	115.006	27.4603	202.575	106.066	22.0955	192.484
Cre01.g021550	2.75839	13.4285	5.94798	2.6659	13.5867	5.79696	2.82474	13.8529
Cre01.g021600	49.5658	55.6481	50.7113	48.2208	77.8375	64.3109	38.8507	46.1826
Cre01.g021650	16.4306	81.1333	46.2453	16.3477	82.6127	42.4837	15.8494	72.8526
Cre01.g021700	16.1952	63.8609	56.701	18.0942	94.8482	58.0447	12.0952	75.253
Cre01.g021750	9.31792	47.5334	33.124	8.40104	42.084	31.4624	7.44968	45.5492
Cre01.g021800	0.083069	0.319572	0.251432	0.0830422	0.118364	0.155599	0.552796	0.16699
Cre01.g021850	1.21209	6.30686	3.23391	1.06692	5.6853	3.0605	0.992228	6.87783
Cre01.g021900	1.15252	3.76575	2.10951	0.928607	3.64463	1.97276	1.03287	4.30925
Cre01.g021950	0.631183	3.94763	1.3778	0.681738	4.01843	1.36391	0.432633	4.06739
Cre01.g022000	1.49515	8.25547	4.21774	1.44793	4.77143	3.78615	0.755878	3.74418
Cre01.g022050	0.0470852	0.116598	0.358918	0	0.0423094	0.21256	0	0.0388621
Cre01.g022100	2.70719	16.5711	10.065	2.77626	17.0916	11.9802	2.95691	18.0102
Cre01.g022150	0.318904	5.54839	2.51194	0.170145	2.51351	1.56221	0.340301	3.694
Cre01.g022200	23.464	145.262	78.9855	22.1562	118.348	72.044	19.6537	176.668
Cre01.g022250	7.08761	21.5482	15.1537	6.558	21.8918	16.1243	7.52389	16.9373
Cre01.g022283	1.49114	8.26272	5.67038	1.25875	8.41127	4.68768	1.53567	7.0905
Cre01.g022350	4.77078	10.8739	9.79569	3.52912	11.2545	8.20211	3.43048	11.5119
Cre01.g022400	1.7525	5.27607	3.36781	1.50015	6.73386	3.69002	1.65873	4.37134
Cre01.g022450	0.103363	1.40205	1.01011	0.175935	1.22017	0.802315	0.170861	2.05336
Cre01.g022462	1.14073	7.73133	5.67216	1.1528	6.39634	4.61296	1.41657	11.6492
Cre01.g022500	6.73673	24.8434	15.2511	7.4168	30.4802	18.0807	9.04278	28.9258
Cre01.g022550	5.45707	42.7122	25.6407	4.5781	25.573	23.1867	2.70913	25.5703
Cre01.g022600	14.7387	58.8114	28.5281	19.3196	68.8613	32.9226	13.4454	48.0987
Cre01.g022650	11.8023	121.094	50.4649	16.3929	145.82	74.0269	19.5483	151.996
Cre01.g022666	1.53653	4.33977	2.17207	1.78745	4.44445	2.30603	2.07582	2.26666
Cre01.g022681	1.44059	4.24907	2.4693	1.65612	4.42326	2.09239	1.86604	3.11451
Cre01.g022700	2.53279	4.52479	3.11185	2.07708	3.69494	3.25505	2.64067	2.57932
Cre01.g022750	2.57213	12.3466	4.50897	2.74102	14.1567	4.25762	2.19544	14.6964
Cre01.g022800	2.88797	15.2622	5.33381	3.5919	18.3402	6.08968	2.20096	14.6624
Cre01.g022850	5.04144	6.09235	3.24461	4.1069	3.29247	2.85225	2.77555	2.79083
Cre01.g022900	0.416712	0.847307	0.638234	0.281235	0.517936	0.524811	0.220173	0.52946
Cre01.g022950	3.17396	1.57476	1.36573	3.64509	1.68979	1.39811	3.73057	1.67934
Cre01.g023000	3.40537	1.44038	1.82445	2.79019	1.39062	1.56495	3.10242	1.44168
Cre01.g023050	15.9853	13.2793	13.985	16.9031	11.6965	14.1661	15.7595	9.42794
Cre01.g023100	6.04645	6.48103	8.71566	5.07828	6.39877	8.86308	4.75816	8.38546
Cre01.g023150	29.6599	32.3303	33.0863	27.1718	16.5949	26.9172	14.1795	11.5645
Cre01.g023200	20.6069	20.2349	19.2984	20.839	20.1006	19.9578	16.1759	18.9138
Cre01.g023250	5.39162	3.59315	4.06553	4.72411	2.62691	3.27052	3.37282	1.78575
Cre01.g023300	3.27804	4.29193	19.7594	4.2304	4.08212	19.9667	5.29623	3.05328
Cre01.g023350	17.2292	25.3028	26.0031	20.1314	25.2102	28.5402	17.7144	20.8474
Cre01.g023400	27.4573	35.6623	35.4033	32.2603	42.8146	40.0062	27.7835	37.6338
Cre01.g023450	2.60114	3.43811	2.73152	2.17712	1.77696	2.52268	1.24618	1.49865
Cre01.g023500	0.544353	0.303955	0.386633	0.477852	0.469857	0.475529	0.5469	0.384341
Cre01.g023550	1.97146	2.44339	2.04639	1.94477	1.949	1.608	1.29917	2.79237
Cre01.g023600	0	0	0	0.00596783	0	0	0	0
Cre01.g023650	0.0298188	0.0246247	0.267361	0.0299973	0.0342894	0.31142	0.0439018	0.00969127
Cre01.g023750	1.4812	1.34071	1.40804	1.67905	1.84246	1.82663	1.65044	1.38435
Cre01.g023773	7.1077	4.50253	5.33777	6.18341	4.3286	4.27696	7.96665	3.72485
Cre01.g023787	33.8346	21.7239	16.3478	38.517	22.3626	15.6273	30.6331	17.9984
Cre01.g023800	1.71915	1.54612	1.6428	1.62867	1.5013	1.44203	1.93414	1.55585
Cre01.g023850	4.27663	3.8678	4.91983	4.29074	3.42608	4.56751	5.22292	3.1244
Cre01.g023913	2.75295	4.80069	2.10654	2.82661	4.90456	1.68427	3.11628	6.11441
Cre01.g023950	1.2001	1.5335	2.00244	1.16533	1.53404	1.74469	1.54759	2.64093
Cre01.g024050	5.36536	4.94601	4.16757	5.64695	5.40061	4.10633	6.10508	9.88213
Cre01.g024100	5.40018	3.38179	4.07161	4.28019	3.13555	3.72352	4.5686	3.35599
Cre01.g024150	35.8581	24.3921	27.6507	32.3565	24.7197	26.9154	34.1865	24.3989
Cre01.g024200	11.235	9.12998	10.3509	10.0859	7.40681	10.2	7.98107	4.84407
Cre01.g024250	2.95305	4.25868	3.54576	3.08849	3.9598	3.88774	3.62277	4.28472
Cre01.g024251	2.3629	2.32537	3.10078	1.82334	2.36542	2.59597	2.35312	3.2278
Cre01.g024300	6.69221	11.4362	11.7082	7.98059	13.5229	13.0744	8.97481	14.1784
Cre01.g024350	119.185	130.361	118.961	141.936	124.297	128.938	118.734	89.8647
Cre01.g024400	4.53937	4.05793	3.46774	4.16121	3.28743	3.6164	3.83481	3.25556
Cre01.g024500	1.34842	1.13641	0.813616	0.930446	0.699225	0.73876	0.634098	0.682688
Cre01.g024550	6.55356	6.66511	6.84025	5.90915	6.02601	6.5325	7.6708	5.24625
Cre01.g024650	12.2701	11.6635	11.4869	12.4994	12.2905	11.4213	11.9448	11.2984
Cre01.g024750	3.81091	5.04847	3.90844	2.69527	5.49688	3.56482	3.15137	4.96828
Cre01.g024800	0.0331803	0.844329	1.08738	0.0497007	0.842744	0.923711	0.0615036	0.698137
Cre01.g024850	6.83963	9.53183	13.8925	6.96321	9.79183	13.0322	8.75571	8.09757
Cre01.g024900	4.13136	5.44094	4.07103	4.91077	5.82166	4.43457	5.15158	4.15663
Cre01.g024950	11.0319	9.98363	10.0808	11.8312	9.5862	10.222	11.6057	9.25419
Cre01.g025000	9.21994	5.35307	4.98186	8.56508	5.76054	4.44865	8.92191	5.67836
Cre01.g025025	13.2553	7.66264	7.21438	14.4077	6.68765	6.28676	12.2815	7.9246
Cre01.g025050	61.9344	58.8815	48.9946	72.8201	75.775	67.4644	48.8143	63.3163
Cre01.g025100	4.19254	4.20767	5.52986	4.15965	4.06252	3.86586	7.29636	6.56059
Cre01.g025150	4.42579	4.22774	5.53792	5.52677	4.19948	5.4567	5.12906	4.06459
Cre01.g025200	0.176276	13.3474	0.313034	0.127544	11.0274	0.269459	0.0547528	0.568096
Cre01.g025250	19.3304	14.7713	16.8574	15.6786	14.6887	16.06	24.6076	20.431
Cre01.g025300	2.56712	1.9771	2.89458	2.08668	1.73363	2.72617	2.42064	1.82688
Cre01.g025350	12.7678	20.1182	16.3201	10.8759	16.5828	13.894	8.85498	18.8752
Cre01.g025400	8.01493	11.4452	6.02031	8.04827	10.2911	5.25653	5.81232	10.3069
Cre01.g025450	14.3443	29.219	22.1496	13.979	26.4276	20.3226	12.1422	29.7193
Cre01.g025500	5.09099	3.444	3.25607	6.7716	4.93371	4.16226	9.07729	2.79949
Cre01.g025551	2.06598	1.24269	1.51011	1.82401	1.37451	1.51151	2.13331	1.59084
Cre01.g025600	2.20844	1.47389	1.07034	1.69131	1.26782	0.809911	2.29262	1.38737
Cre01.g025650	14.5009	0.522383	0.55606	14.8231	0.481402	0.377996	18.4161	0.593384
Cre01.g025700	4.31229	5.01304	4.83011	4.69269	5.00404	4.72723	4.0595	3.29036
Cre01.g025750	0.612711	15.3825	2.56252	0.332289	8.08866	1.39447	0.320388	8.57221
Cre01.g025767	1.05013	1.00493	0.721277	0.886443	0.661665	0.686266	0.537782	0.814996
Cre01.g025808	1.42871	0.601183	0.764507	1.19663	0.663937	0.729462	1.14042	0.595567
Cre01.g025850	17.5952	20.3597	22.6202	18.5018	23.1392	22.6919	22.3827	35.295
Cre01.g025900	4.40488	3.79217	4.2382	4.71623	4.06827	3.79838	5.30733	3.34452
Cre01.g025950	0.042158	0.0614446	0.0707547	0.0638088	0.128832	0.0986599	0.0256373	0.032845
Cre01.g025983	0.668398	1.15346	0.574025	0.522827	1.34083	0.727809	0.524305	1.27216
Cre01.g026050	14.3086	13.0585	18.1225	14.678	14.8437	19.3238	16.8186	16.3859
Cre01.g026100	13.3771	9.76323	11.291	10.8537	8.89556	9.38844	16.0215	11.8683
Cre01.g026150	1.20604	0.823696	0.917975	0.987959	0.835352	0.843168	1.09249	1.10857
Cre01.g026200	1.52407	0.875238	1.17823	0.826956	0.454586	0.404624	0.841314	1.01549
Cre01.g026250	11.4414	12.3503	12.7926	12.8818	12.3905	14.6792	13.8839	7.80987
Cre01.g026300	3.27475	3.68776	3.97246	3.44086	4.00743	3.99665	3.62762	4.51416
Cre01.g026350	0.0713222	1.12783	0.250635	0.0735268	2.30822	0.59731	0.0608604	0.870422
Cre01.g026400	0.567594	2.9393	6.64823	0.700521	3.71729	6.79338	1.49779	2.51102
Cre01.g026450	53.0636	40.9038	46.915	52.1848	32.5565	45.2314	41.6147	19.9673
Cre01.g026500	12.1466	10.4398	10.579	15.2907	8.89455	9.79566	12.4228	8.87588
Cre01.g026550	88.2289	81.1982	79.6099	92.8162	62.4031	89.293	62.2464	34.0736
Cre01.g026600	112.834	105.398	108.99	112.64	94.8583	107.692	95.2419	71.0702
Cre01.g026650	4.66771	3.78462	4.58439	4.36876	3.76486	3.92387	5.12547	4.50401
Cre01.g026700	0.0324407	0.320188	0.21042	0.0265754	0.458099	0.212565	0.0169222	0.483591
Cre01.g026750	0.17672	0.577121	0.481578	0.143126	0.30971	0.293694	0.0452711	0.220336
Cre01.g026900	9.93282	12.2925	17.5003	11.7476	10.7767	15.1179	15.2332	9.10798
Cre01.g027000	2437.27	1453.82	1521.74	2553.85	1455.39	1529	2341.36	1604.18
Cre01.g027050	50.4747	69.5878	67.9515	49.6931	55.008	59.8033	53.0826	63.9521
Cre01.g027100	24.4682	20.6503	23.2548	25.2337	24.7277	26.4053	26.5858	17.9667
Cre01.g027150	5.53377	3.75005	3.8308	4.42347	3.60583	3.24979	5.264	4.38329
Cre01.g027200	79.5414	119.713	92.568	106.441	158.6	95.9296	107.47	222.627
Cre01.g027250	2.14632	1.61899	1.77255	1.92935	1.47663	1.77435	1.64941	1.65173
Cre01.g027300	0.662987	27.9767	21.9107	1.81395	68.5156	65.8818	0.676727	22.2103
Cre01.g027350	1.42636	0.828461	1.07025	1.12735	0.86869	0.988785	1.09935	0.717422
Cre01.g027400	3.35489	3.02714	3.09393	2.61436	1.66445	2.50489	1.60883	1.89841
Cre01.g027450	19.0858	12.3318	17.3983	14.0159	9.31397	15.2753	20.5226	12.5567
Cre01.g027500	3.7348	3.73769	5.32577	2.80631	3.12119	4.21395	5.52182	5.0273
Cre01.g027550	41.9947	31.2512	29.6293	47.0139	34.4382	23.7619	82.4132	44.2279
Cre01.g027600	0.84099	0.538344	0.782672	0.979865	0.656211	0.598743	1.08175	0.756245
Cre01.g027650	0.345097	0.479814	0.447173	0.244524	0.310622	0.372349	0.282279	0.589053
Cre01.g027700	3.12665	1.59489	2.72309	2.46755	0.881322	2.38479	5.51746	3.78765
Cre01.g027750	0.151862	1.126	0.25595	0.192765	1.88453	0.401726	0.12752	0.478592
Cre01.g027764	7.96849	6.81229	9.25284	7.20552	7.17741	8.36304	7.81036	7.59456
Cre01.g027800	123.333	88.7529	78.3775	137.783	100.478	96.0224	112.611	64.9894
Cre01.g027850	4.76277	3.62813	2.68675	4.51965	3.2864	2.96862	4.17935	2.0617
Cre01.g027900	10.379	9.6978	10.6445	14.0655	10.7801	11.4168	12.9249	6.56342
Cre01.g027950	28.073	49.6986	27.8128	26.9859	39.7109	24.2815	18.1655	42.4572
Cre01.g028000	1.19	2.67824	1.96582	0.835525	2.22078	2.08047	1.0344	1.92476
Cre01.g028050	0	0	0	0.00740897	0	0	0	0
Cre01.g028101	12.7433	12.9601	11.9729	11.4725	12.4304	10.9835	16.4794	18.7734
Cre01.g028150	9.28878	11.8729	10.9838	11.3652	9.18799	11.0302	10.4086	12.5911
Cre01.g028200	42.8417	22.1966	21.8781	54.5476	32.1755	23.4836	44.1158	21.6936
Cre01.g028250	5.09064	13.7137	12.4224	5.18045	10.6806	13.0177	4.95944	10.7007
Cre01.g028300	41.4601	50.982	49.5274	43.2035	49.9958	48.3905	40.9565	69.4536
Cre01.g028350	5.1184	4.9293	7.56876	4.89534	4.81636	6.03966	8.04668	6.25125
Cre01.g028400	4.63025	4.45124	4.15641	4.28764	4.2192	4.09366	4.51467	3.4264
Cre01.g028423	2.6697	2.15109	1.52682	2.73956	2.45157	1.55298	3.26229	2.15433
Cre01.g028450	12.7755	7.29355	11.143	10.5594	8.29874	10.3164	9.51917	6.59037
Cre01.g028500	9.82748	8.77718	7.38426	10.2043	8.31649	8.60464	9.6743	6.84751
Cre01.g028550	11.836	8.16539	9.52467	10.1428	8.16349	8.61002	9.89287	6.33914
Cre01.g028600	4.03604	3.26132	5.88744	4.00348	2.74979	5.99716	10.5005	2.83733
Cre01.g028650	22.0699	15.9708	16.1294	27.2728	21.1592	20.2846	23.9019	16.4316
Cre01.g028850	39.6883	33.5115	25.9645	60.8809	51.2627	28.3698	154.545	49.6209
Cre01.g028900	7.1864	2.84932	3.83153	7.10388	3.31238	4.1355	17.5987	4.14817
Cre01.g028950	6.77142	6.49903	15.6898	10.9135	8.45969	12.2617	34.7903	21.0661
Cre01.g029000	2.06531	4.63358	6.72321	2.41563	5.9797	7.31206	2.0327	4.771
Cre01.g029050	22.3632	26.1671	26.9273	21.7126	25.2986	26.3896	25.9574	30.6542
Cre01.g029100	21.6797	29.3484	24.2883	18.776	13.7721	20.1298	11.4197	13.0865
Cre01.g029150	14.2059	17.0396	13.4039	12.8517	15.1252	13.0393	11.7454	15.8879
Cre01.g029200	2.06965	1.92427	1.68738	1.63498	1.05736	1.38625	1.07331	1.02301
Cre01.g029250	1.63563	4.30889	1.45744	2.65051	5.94582	2.36206	1.63377	14.2953
Cre01.g029300	224.765	122.243	115.631	237.958	140.686	133.136	242.108	97.7343
Cre01.g029350	4.03639	6.96502	4.059	3.51368	5.7712	3.63706	2.4652	6.4357
Cre01.g029400	0.831514	1.19093	0.698071	1.02568	1.31819	0.708286	0.735501	1.36418
Cre01.g029450	51.3856	45.9811	49.1494	49.951	32.1165	47.4999	37.7806	22.928
Cre01.g029500	19.3087	17.3366	20.8357	20.9521	21.9027	23.1135	17.0791	22.5383
Cre01.g029550	4.13427	6.33013	6.51897	3.68355	5.73489	5.52112	4.47698	6.22543
Cre01.g029600	2.94132	2.17049	2.78958	5.6875	3.78014	2.87165	4.93575	3.30924
Cre01.g029650	14.1301	14.2531	12.9589	19.3214	18.7221	15.5919	22.4241	18.2699
Cre01.g029700	13.5782	37.4178	18.1912	328.547	390.204	28.1384	1295.59	1317.61
Cre01.g029750	18.0968	21.1909	13.8748	20.6872	25.1434	15.634	16.6375	18.7533
Cre01.g029800	2.02777	2.68183	2.29646	1.71142	2.78308	1.9597	2.28432	3.09925
Cre01.g029850	17.5647	17.2847	15.0994	18.2134	16.5503	14.4567	15.0125	16.4217
Cre01.g029900	6.13946	5.26892	5.04156	5.75566	5.61282	4.53824	6.26523	6.98683
Cre01.g029950	48.8238	12.646	33.2695	53.9718	31.1434	55.0485	32.0657	8.78294
Cre01.g030000	0.286096	0.0513883	0.0573854	0.268608	0.080176	0.0329288	0.155918	0.0612311
Cre01.g030050	138.039	83.0539	120.567	118.839	90.7731	104.651	186.049	108.799
Cre01.g030100	0.449645	0.305005	0.351319	0.503334	0.185582	0.190884	0.214509	0.110454
Cre01.g030150	10.1283	8.45977	7.41693	9.51909	4.98464	6.78725	3.54258	3.44779
Cre01.g030200	82.9973	84.4184	81.0941	91.3035	88.0415	84.465	63.888	69.2479
Cre01.g030250	4.32818	4.93998	4.40448	4.60926	5.90011	5.66458	6.01153	5.67068
Cre01.g030300	5.48212	7.28158	7.79312	5.05969	6.00246	7.0058	4.13321	7.4865
Cre01.g030350	0.898965	2.14536	1.32697	1.25414	3.98059	3.06255	1.73221	2.49351
Cre01.g030400	0.90893	0.967283	1.34434	0.710123	0.761192	1.17995	0.664543	0.549713
Cre01.g030450	4.6336	5.01443	4.73982	4.93816	4.51532	5.14315	4.77259	4.17592
Cre01.g030500	2.24087	20.8782	16.7341	2.35757	25.5632	18.3469	2.7937	28.2238
Cre01.g030550	27.8193	20.0986	17.1946	27.1884	16.0862	16.3029	24.5124	11.2861
Cre01.g030600	5.01197	8.65064	9.94246	4.25784	10.1075	9.66161	7.78385	13.2304
Cre01.g030650	2.80872	1.76247	0.725913	2.64718	1.37679	0.571631	2.38552	1.34089
Cre01.g030700	5.78286	6.70115	4.0478	6.05583	6.52877	3.69229	5.20513	7.46807
Cre01.g030750	4.31649	6.77408	0.631962	3.01448	7.12229	0.893232	4.94907	8.81106
Cre01.g030800	43.3593	40.0678	47.1428	44.5239	34.9883	51.5643	43.0057	29.9928
Cre01.g030850	27.558	31.2197	35.0855	30.7359	27.1307	43.0412	23.8593	16.4283
Cre01.g030900	0.650904	0.550702	0.730479	0.616793	0.48338	0.648136	0.615907	0.486257
Cre01.g030950	11.5109	9.92075	12.352	10.1605	8.76743	9.74056	9.20418	9.57202
Cre01.g030986	0	0	0.37017	0	0.281435	0	0	0
Cre01.g031004	33.1505	26.083	52.2277	30.3228	30.8992	53.7853	40.2758	42.5901
Cre01.g031050	19.8201	15.9907	21.8452	19.6986	14.6082	21.2188	19.2626	11.9264
Cre01.g031100	186.597	139.394	172.276	214.286	157.285	207.706	306.616	172.384
Cre01.g031200	188.169	159.915	154.611	215.665	153.966	159.912	190.771	109.408
Cre01.g031250	25.7105	22.234	16.8252	28.3451	23.3388	24.6728	26.6863	12.1904
Cre01.g031300	4.96339	4.8289	3.5095	6.47387	6.26327	3.94525	5.6825	6.21957
Cre01.g031400	0	0	0	0	0	0	0	0
Cre01.g031450	0.353536	0.661387	0.524993	0.33598	0.70934	0.561277	0.254565	0.871673
Cre01.g031500	2.47106	0.992148	0.890519	1.75559	0.556382	0.667349	1.25281	0.962647
Cre01.g031550	0.563639	0.366789	0.504807	0.548886	0.560456	0.432233	0.746212	0.820372
Cre01.g031600	18.4429	21.6725	22.3505	25.6938	27.8164	24.2347	25.4286	34.1908
Cre01.g031650	2.55502	2.10628	1.67308	2.83421	7.36919	5.90964	3.18363	10.7226
Cre01.g031700	1.75381	11.0031	6.84317	1.74303	11.2299	8.95777	3.9935	8.72993
Cre01.g031750	15.0698	8.50361	12.4448	13.1143	8.71432	10.5674	10.5143	8.18855
Cre01.g031800	1.20883	0.853833	1.04434	1.14429	0.875737	1.09303	0.951532	0.537556
Cre01.g031850	0.772298	0.674737	0.777202	0.90914	0.668444	0.926174	0.832825	0.552667
Cre01.g031875	0	0	0	0	0	0.576459	0	0
Cre01.g031900	6.04011	6.01162	6.67103	6.07257	7.21223	8.38312	5.62184	4.40954
Cre01.g031951	0.27817	0.210651	0.306802	0.174714	0.217529	0.230263	0.193181	0.485152
Cre01.g032000	8.43922	7.72984	14.2656	7.47221	7.16448	8.67591	8.84739	8.56913
Cre01.g032050	28.2457	24.3187	22.6519	29.1903	21.9914	24.0249	28.5645	15.519
Cre01.g032100	2.13	3.03212	2.13143	2.10308	3.34563	2.53789	2.44571	2.89698
Cre01.g032150	8.58951	13.2131	9.49717	7.95409	11.7074	8.43047	6.69958	11.8389
Cre01.g032200	0.0180775	0.0710439	0.0645194	0.0210163	0.0697727	0.0412962	0.024232	0.0752316
Cre01.g032250	20.9944	18.3412	19.7316	20.7903	16.5043	19.164	20.4221	16.8606
Cre01.g032300	1145.32	727.91	861.105	1085.12	636.32	831.013	936.273	347.995
Cre01.g032350	4.02691	4.85905	4.01011	4.01053	5.32372	4.34605	5.34386	7.34393
Cre01.g032400	12.1846	13.07	12.0869	23.9729	20.7748	13.6918	29.7948	17.6012
Cre01.g032450	7.26641	5.90102	6.06857	7.16719	4.82585	5.33892	7.01743	4.19955
Cre01.g032500	20.0607	17.0215	12.4263	22.3486	16.9876	12.1925	19.6587	14.7605
Cre01.g032550	3.66478	4.85645	5.09652	2.99781	2.33632	3.97561	2.06761	2.47234
Cre01.g032600	125.922	97.5051	86.3497	140.536	93.9551	92.1721	112.683	57.1531
Cre01.g032650	601.156	896.665	549.598	776.315	1040.55	608.624	524.764	886.367
Cre01.g032700	34.5252	31.0709	31.5842	40.0376	31.1129	30.8843	37.1774	17.0842
Cre01.g032750	40.1407	31.4179	37.3552	45.2153	38.5679	42.3684	39.7102	26.0789
Cre01.g032800	4.53144	4.85718	5.70806	4.71869	5.87194	5.88228	5.48924	6.02642
Cre01.g032850	0.632144	3.73261	1.58581	0.660935	3.87056	1.55811	1.3633	6.10788
Cre01.g032900	3.88808	3.99518	3.68147	3.66732	4.53191	4.26131	4.84784	7.23699
Cre01.g032950	39.4011	33.1401	27.8343	43.7089	32.5251	29.4285	41.6955	40.2234
Cre01.g033000	2.26364	2.561	2.004	2.15037	2.63127	1.9502	2.28794	3.21637
Cre01.g033091	5.42917	5.20067	4.99751	5.76351	5.41646	5.58939	4.82595	6.4494
Cre01.g033150	17.4317	18.3399	19.3492	20.4493	22.8053	25.1578	20.0279	17.0114
Cre01.g033200	1.39588	1.39415	1.48461	1.20277	2.03876	1.54394	1.45125	2.05851
Cre01.g033250	8.61554	5.39286	5.01249	9.22989	6.99877	5.14227	7.82187	7.65266
Cre01.g033300	0.44171	5.39352	7.67418	0.517977	3.61723	6.4967	1.19081	2.67592
Cre01.g033350	15.2109	12.7974	12.9427	19.2437	13.1812	14.9832	17.5126	7.80805
Cre01.g033400	149.859	99.5109	147.375	160.026	105.661	153.806	151.133	60.1592
Cre01.g033450	1.5131	1.31625	0.611997	1.6074	1.38177	0.585352	1.07985	0.404623
Cre01.g033500	1.66194	1.53857	0.836355	1.9214	1.30994	0.761061	1.44966	0.502267
Cre01.g033516	2.40549	1.65741	2.26586	2.2528	1.56508	2.21869	2.67017	1.54566
Cre01.g033550	219.873	222.086	221.061	277.153	221.686	258.801	232.379	130.59
Cre01.g033700	3.61993	3.2005	3.80848	3.70208	3.598	4.4491	3.58316	2.98473
Cre01.g033750	0	0.00669718	0.0410537	0.0226457	0.0152353	0.0532503	0.0194607	0.0147126
Cre01.g033832	7.32246	4.34744	6.01017	6.004	4.21682	5.60356	6.28011	4.58239
Cre01.g033900	4.39625	3.11195	3.89604	3.83807	3.16122	2.75904	2.85658	3.74195
Cre01.g033950	1.55767	2.62164	3.60599	1.77331	3.19929	4.12738	1.40343	2.5979
Cre01.g034000	56.5925	46.7839	54.5383	61.3181	41.4796	57.6929	44.5847	24.7017
Cre01.g034050	14.1464	12.132	15.951	14.1319	12.9695	18.3368	15.4036	7.55101
Cre01.g034100	1.83058	2.33733	2.72645	1.7769	2.37278	2.48773	2.08154	1.94864
Cre01.g034150	7.61922	4.44635	3.65327	7.35873	4.81868	3.85862	7.50694	6.77237
Cre01.g034200	5.03415	9.54593	9.62212	6.28659	11.1759	9.06406	5.10417	10.0956
Cre01.g034250	6.981	18.9608	33.4154	6.86938	23.6207	39.4771	8.94804	13.9495
Cre01.g034300	1.21987	0.729362	1.31738	0.872487	0.815505	1.1711	1.05204	0.736419
Cre01.g034350	1.24382	2.57474	2.70491	2.76744	5.37029	4.29681	2.96053	5.92119
Cre01.g034380	3.17809	2.15021	2.8003	2.19318	2.22145	2.49185	2.95848	3.69036
Cre01.g034400	148.335	113.078	155.351	148.049	155.353	181.412	140.426	85.992
Cre01.g034451	29.8297	31.0124	32.0932	33.4154	33.1332	41.2966	27.5308	22.712
Cre01.g034500	1.1079	1.4595	1.03932	1.05679	1.39121	0.906286	0.666229	1.63154
Cre01.g034550	30.4189	43.9635	32.7423	26.8833	35.8443	28.8822	25.1791	39.4289
Cre01.g034600	4.65452	4.85954	3.587	4.65581	5.35779	3.80674	3.96413	5.34256
Cre01.g034650	1.53803	1.17	1.23699	1.61618	0.873366	1.17686	1.12455	0.786235
Cre01.g034700	1.17251	1.82327	1.35697	0.972154	2.07041	1.26986	1.08171	2.36404
Cre01.g034750	2.07167	1.55451	1.85454	2.00987	1.04939	1.50254	2.10617	0.911072
Cre01.g034800	19.0905	15.2809	9.91014	18.9728	15.4759	10.7815	13.6506	15.1063
Cre01.g034850	7.08983	11.9773	2.35533	35.7108	45.1107	2.40114	31.9903	45.4128
Cre01.g034900	0.55398	1.27642	2.19435	0.635602	1.45477	2.13516	0.458448	0.914574
Cre01.g034950	48.1275	32.3311	54.5992	50.6786	41.7409	57.7808	45.6137	30.0773
Cre01.g035000	29.2887	14.514	21.6315	24.6096	13.9452	17.3469	24.0513	12.533
Cre01.g035050	0.0306269	0.055728	0.0151861	0.11221	0.102838	0.0403783	0.091309	0.372774
Cre01.g035100	22.6373	19.8767	17.3333	31.224	22.3228	15.8923	30.9181	46.6717
Cre01.g035150	4.62405	3.83808	3.83275	4.35887	3.65435	3.74973	4.26057	3.32856
Cre01.g035200	0.99336	0.877634	0.817511	1.00363	0.995798	0.869396	1.24517	1.24647
Cre01.g035250	1.8036	1.91321	2.14329	1.42494	1.10963	1.85212	1.03165	1.35287
Cre01.g035300	0	0.0157539	0.0240533	0.0436006	0.0318574	0.0174758	0	0.0158764
Cre01.g035350	10.8224	16.8998	14.2917	13.492	21.5931	18.7151	13.9727	15.1785
Cre01.g035400	6.58359	13.7077	13.444	10.0165	19.5883	18.0674	11.7049	19.9832
Cre01.g035450	10.0237	17.5636	15.0197	20.9299	33.5994	22.0473	18.7853	29.9973
Cre01.g035500	2.37413	2.16647	2.07352	2.26627	2.37112	2.31466	2.38308	2.58446
Cre01.g035550	0.572656	0.853537	1.10082	0.423794	0.535088	0.841037	0.279675	0.50715
Cre01.g035600	0	0	0	0	0.0172757	0.0184723	0	0
Cre01.g035650	0.0287687	0.516711	2.54006	0.0318234	0.5607	2.97313	0.0355323	0.455701
Cre01.g035700	1.13592	1.84288	2.26301	1.65188	2.39891	2.28425	1.68961	2.66908
Cre01.g035750	5.06727	6.58847	5.58774	5.32845	7.32775	5.52621	6.84387	8.73059
Cre01.g035800	2.45384	3.76047	4.03759	2.6371	3.67559	4.01614	2.87184	3.56331
Cre01.g035850	10.2643	7.8721	7.48981	12.5273	8.62915	9.34691	10.2612	4.45546
Cre01.g035900	0.205113	0.293796	0.322854	0.168985	0.284846	0.344036	0.263793	0.261871
Cre01.g035950	4.30361	3.15448	3.84923	4.56038	4.15196	4.2025	6.82576	3.31732
Cre01.g036000	3.465	3.91771	3.57379	8.83796	7.80477	4.01185	13.0933	12.7583
Cre01.g036050	2.55077	2.10466	2.0371	2.09197	1.14859	1.697	1.15957	1.12556
Cre01.g036100	2.70268	2.75351	2.39559	2.14502	1.56901	1.88613	1.31666	1.17473
Cre01.g036150	5.02397	7.30768	5.37063	4.35749	7.31874	4.52497	4.781	9.03387
Cre01.g036200	13.2372	11.7813	11.5292	13.6695	12.9828	12.9263	13.134	12.7071
Cre01.g036250	5.6607	4.87508	2.43224	7.47604	5.99862	2.87157	7.11512	9.9623
Cre01.g036300	2.7439	2.27336	3.34906	2.55382	2.9265	3.33133	2.94846	3.00977
Cre01.g036350	0.740946	0.355192	0.227165	1.14053	0.637719	0.422154	0.898995	0.402639
Cre01.g036400	22.9262	19.5823	17.4873	20.7032	17.7131	18.0057	23.3523	15.1857
Cre01.g036451	5.67646	4.80037	4.59419	5.10207	3.97838	4.48267	4.24019	3.92667
Cre01.g036500	0.60506	0.675077	0.490812	0.546007	0.334235	0.4145	0.321625	0.451415
Cre01.g036550	25.6846	24.711	29.049	26.5908	20.1422	28.8071	26.3959	16.7718
Cre01.g036600	17.6212	8.27393	13.8047	15.9394	9.57225	12.5938	12.5283	6.90911
Cre01.g036650	0.417721	1.36685	1.35783	0.668163	1.61826	1.79299	1.38929	1.82176
Cre01.g036700	24.483	12.674	10.1286	26.0224	17.6026	9.91218	20.6204	14.2872
Cre01.g036750	9.81198	7.5657	9.8737	7.47604	6.22616	8.85239	10.6408	6.30394
Cre01.g036800	5.80285	7.69281	7.69399	5.40987	6.13377	6.70606	6.40726	7.68316
Cre01.g036850	14.3945	20.546	17.7387	23.654	29.1119	21.0861	21.3226	18.9568
Cre01.g036900	7.47317	6.10457	5.31443	7.98394	5.85497	4.48062	12.2712	6.56156
Cre01.g036950	22.042	1.45493	12.9519	20.8682	10.3759	26.8236	17.5319	0.794145
Cre01.g037000	7.26529	1.54125	2.22503	7.85188	3.8651	3.04591	6.88362	2.05829
Cre01.g037050	23.2977	10.0256	9.84265	27.5067	16.6796	13.3835	29.1767	12.6499
Cre01.g037100	3.75774	3.00729	4.94073	2.3985	1.48644	3.00011	1.66433	1.5124
Cre01.g037150	7.70345	7.1587	7.37877	8.00607	6.73464	7.89586	9.10214	7.7837
Cre01.g037200	31.9965	24.7527	37.1472	28.2321	29.1444	36.6789	42.0031	26.5235
Cre01.g037250	50.2579	33.0693	40.479	60.8385	42.578	45.4947	55.7304	53.0919
Cre01.g037300	0.131263	0.176948	0.0997807	0.104899	0.196257	0.168907	0.15273	0.23862
Cre01.g037350	3.34604	2.81243	3.29937	3.23477	2.63333	2.75801	3.99593	2.957
Cre01.g037400	8.01303	8.42177	8.64984	8.60205	7.02056	9.67785	7.19336	5.78539
Cre01.g037450	0	0	0	0	0	0	0	0
Cre01.g037500	0	0	0	0	0	0	0	0
Cre01.g037550	0.34667	0.375043	0.299061	0.236163	0.212391	0.272957	0.209327	0.334878
Cre01.g037600	0.0246627	0.0331192	0.0201086	0.0188076	0.0275227	0.0151881	0.01106	0.0249746
Cre01.g037650	0.474077	0.359056	0.395103	0.329718	0.363161	0.474198	0.280268	0.219508
Cre01.g037700	28.3608	11.185	13.6768	44.1846	19.8238	15.3509	88.7989	24.8461
Cre01.g037751	1.09485	0.852908	0.877655	0.882997	0.527396	0.743467	0.634036	0.565186
Cre01.g037800	56.4175	78.0258	76.7452	56.9109	63.87	71.8935	42.9023	52.1383
Cre01.g037850	153.456	122.801	195.701	132.13	121.056	180.16	220.324	169.123
Cre01.g037900	6.54709	6.09035	6.56816	6.26574	4.22442	6.79069	6.06111	4.31436
Cre01.g037950	2.36583	2.26071	2.60952	1.98918	2.5156	2.17061	2.80777	3.66885
Cre01.g038000	1.47135	1.18677	1.65871	1.35298	1.34674	1.50444	1.52146	1.32733
Cre01.g038050	6.88689	11.375	11.1231	7.18058	11.2259	10.7724	7.58272	10.3729
Cre01.g038100	46.3994	28.3556	27.2507	55.3537	33.6032	30.7516	56.288	33.2431
Cre01.g038151	3.07482	2.44951	2.4564	2.73999	1.52953	2.02854	1.58157	1.52116
Cre01.g038200	35.2694	28.6022	31.0777	34.3116	28.7793	27.3097	34.1789	29.6927
Cre01.g038250	82.4935	91.0948	98.4275	106.141	118.017	126.413	90.189	89.3795
Cre01.g038300	7.2393	8.6413	7.12665	8.08737	7.80857	6.62356	7.56354	6.53418
Cre01.g038350	0.324177	0.303081	0.232949	0.683892	0.425147	0.219277	0.50894	0.597766
Cre01.g038400	1119.56	768.943	816.383	1205.94	707.491	1008.77	913.679	268.616
Cre01.g038450	0.0384079	0.042898	0.0241855	0.0568713	0.0445135	0.0441523	0.0291028	0.0355799
Cre01.g038500	1.65404	1.42155	2.8863	1.46136	1.9025	2.57534	2.34228	1.77833
Cre01.g038550	16.7122	12.5323	15.6652	18.5437	14.0415	15.7921	17.456	7.7917
Cre01.g038600	222.045	130.958	159.463	281.394	166.024	191.155	418.779	91.5249
Cre01.g038650	35.8907	32.9716	29.4292	34.6284	28.0101	27.6171	32.3457	25.7659
Cre01.g038700	8.4194	7.40872	7.05946	8.7944	5.77531	6.16914	8.45212	6.12222
Cre01.g038750	10.5416	18.8298	9.57436	9.21244	14.4496	8.09443	8.75738	19.5344
Cre01.g038800	14.6136	13.3331	14.0542	12.1693	10.796	12.1151	14.6826	10.1242
Cre01.g038850	26.5772	20.6739	18.2081	27.0584	21.6192	23.2707	27.1679	16.6853
Cre01.g038900	0.535497	1.12205	3.36014	0.647954	0.670122	2.93009	0.58481	0.883362
Cre01.g038950	25.3421	26.5445	22.6956	27.6967	26.9382	24.4015	26.5268	24.9013
Cre01.g039000	0.00959751	0.00823992	0	0.00623247	0.0113109	0.0133341	0.00972412	0.0122622
Cre01.g039050	0.530098	0.718713	0.347351	0.575458	0.782705	0.383216	0.735112	1.07597
Cre01.g039150	43.121	31.6559	30.3097	41.9771	32.0828	31.1499	44.3224	27.2542
Cre01.g039200	32.9293	51.3952	36.9954	32.7381	45.0286	33.8478	24.4942	44.7535
Cre01.g039250	1391.76	844.64	944.139	1457.36	842.887	933.427	1358.55	1029.33
Cre01.g039300	783.653	465.922	491.183	895.614	533.793	521.193	705.816	570.393
Cre01.g039350	11.658	12.9119	13.0446	22.0153	22.0347	14.3239	22.7613	16.2649
Cre01.g039400	9.96708	9.95805	9.79875	11.3229	11.3487	11.9926	10.4421	8.70311
Cre01.g039450	0.00443495	0.0458427	0.00740715	0.58978	4.02143	0	0.211015	2.14097
Cre01.g039500	1.68731	3.81099	1.29099	1.74415	3.95241	1.01323	1.14896	3.90236
Cre01.g039550	0.657498	0.712635	0.697503	0.569103	0.348922	0.588912	0.336866	0.352248
Cre01.g039600	0.501665	0.388238	0.412714	0.424685	0.289532	0.444042	0.314695	0.273858
Cre01.g039650	0	0	0	0	0.0275506	0	0	0.0271875
Cre01.g039702	2.56863	1.3167	2.06996	2.38332	1.19885	1.72572	3.68002	2.19847
Cre01.g039750	18.5097	13.2098	13.0637	15.9659	13.1329	11.193	20.8393	14.3055
Cre01.g039800	1.51213	2.18922	1.85073	1.43758	2.07193	2.04235	1.51617	2.93437
Cre01.g039850	1.78813	1.82818	1.80755	2.40857	2.22716	1.38514	3.56325	5.5963
Cre01.g039900	4.15889	2.69406	4.38657	3.17983	2.90884	4.52244	3.04535	2.75087
Cre01.g039950	4.62428	4.09734	4.35266	4.42262	5.17755	4.53663	5.11181	4.6915
Cre01.g040000	2085.13	1134.51	1233.72	2173.14	1192.15	1266.29	2006.06	1379.7
Cre01.g040050	3.32128	1.75579	2.0787	2.48251	1.77223	1.82948	3.38464	2.58796
Cre01.g040100	2.839	2.3502	2.83084	2.62088	2.87327	2.7996	2.9279	2.99826
Cre01.g040150	0.0408407	0.998487	2.38187	0.0341	1.63931	3.52251	0.140425	1.62621
Cre01.g040200	29.7402	21.4298	25.1008	33.9004	22.5519	26.4093	29.2541	22.3283
Cre01.g040250	11.8327	10.2211	15.1242	11.3233	10.688	14.2721	10.9897	11.131
Cre01.g040300	5.03919	5.54697	11.0028	3.98099	5.83215	8.95072	8.65109	10.6858
Cre01.g040350	1.55356	1.3565	0.896446	1.46342	1.39857	1.15254	2.58103	1.72797
Cre01.g040379	1.65847	0.669958	1.15348	1.22915	0.547772	0.948894	1.58375	0.942081
Cre01.g040400	11.7388	13.5677	12.022	11.1325	11.807	10.5435	10.0828	13.2759
Cre01.g040450	38.9813	26.9198	32.3435	37.784	28.5224	32.5932	33.7238	21.6852
Cre01.g040500	12.0811	14.1019	13.737	11.8507	13.4375	14.2712	10.8909	14.5134
Cre01.g040550	2.8987	2.98876	1.94364	3.0067	3.07295	1.79574	4.24083	3.60503
Cre01.g040600	3.54274	3.67	3.28291	2.98418	3.38812	2.91488	3.06866	4.17562
Cre01.g040701	107.503	85.1634	102.312	98.1218	75.3734	107.108	72.1566	65.8781
Cre01.g040801	0.102563	0.35604	0.226013	0.0809661	0.524252	0.267662	0.0791274	0.429659
Cre01.g040850	1.65795	3.18161	2.3643	1.90882	3.75465	2.65004	1.97104	3.4964
Cre01.g040900	18.0516	29.2769	18.6018	22.1537	25.7858	16.3831	19.8526	31.1746
Cre01.g040950	0.078438	0.157825	0.167967	0.233356	0.444893	0.128681	1.00631	0.439665
Cre01.g041000	170.983	77.6364	106.377	161.409	74.3643	97.6615	138.19	52.1636
Cre01.g041050	23.6063	11.4144	7.78927	27.0727	14.517	8.84319	18.2296	10.0402
Cre01.g041100	8.7797	5.70934	6.47105	7.59039	5.63015	6.60118	8.06842	4.51427
Cre01.g041150	4.52803	7.52981	9.88031	4.41333	8.89943	10.0057	5.00152	9.05992
Cre01.g041200	0.685622	1.29016	1.10537	0.772837	1.63609	1.23658	1.36907	3.58503
Cre01.g041256	4.78843	2.67202	3.18069	4.94195	3.3201	3.86701	5.20894	3.44319
Cre01.g041300	3.90184	3.88014	4.52557	3.77945	3.62897	4.395	4.23967	4.21294
Cre01.g041351	3.44537	2.04918	2.92653	3.11971	1.96284	2.77979	3.08971	1.54679
Cre01.g041400	5.82692	8.19329	9.82968	6.24342	8.3784	9.75499	6.22935	9.67726
Cre01.g041450	14.6894	4.39814	5.48034	13.1614	3.53413	4.90373	12.5579	3.20823
Cre01.g041500	1.0704	1.61705	1.50795	0.932846	1.59777	1.61007	1.07381	1.74291
Cre01.g041550	4.35606	6.62033	7.92094	4.12641	7.24701	8.15357	4.74253	7.65914
Cre01.g041583	0	0	0	0	0	0	0	0
Cre01.g041650	0.834629	1.29743	1.28823	0.621056	1.60442	1.01196	1.1185	2.46883
Cre01.g041667	0	0	0.0108852	0	0	0	0	0
Cre01.g041752	0.276995	0.115165	0.124749	0.288921	0.104721	0.219868	0.0706128	0.0893488
Cre01.g041800	0.868041	1.6943	1.13537	0.792486	1.71316	0.784205	1.01844	1.9171
Cre01.g041850	2.62326	2.12	3.19416	2.71509	1.76016	2.99615	2.23664	1.47894
Cre01.g041950	3.29631	4.71288	6.38591	3.40925	5.56979	6.86898	3.61736	5.13843
Cre01.g042000	1.18719	1.2001	1.30984	0.973512	0.747587	1.00971	0.83916	1.00967
Cre01.g042050	9.43505	8.11248	7.89692	10.7715	8.23531	7.678	13.8261	11.2059
Cre01.g042100	0.0255408	0.0170169	0.00405581	0.0119849	0.00177573	0.00470467	0	0.0101236
Cre01.g042150	6.16006	4.45474	4.568	5.85269	4.75652	4.75401	6.23362	3.95856
Cre01.g042200	520.533	415.96	279.423	617.888	480.493	311.927	579.817	491.039
Cre01.g042250	0.760251	0.74333	0.617236	0.78569	0.734045	0.523969	0.534943	0.932816
Cre01.g042300	4.09179	5.20026	5.20037	7.34316	6.78725	6.89546	7.19731	6.07294
Cre01.g042450	6.10734	5.29783	3.0246	4.79009	5.49395	2.97402	2.22289	3.77314
Cre01.g042550	35.0182	24.8587	24.4601	36.5425	21.7755	25.5466	32.6604	14.001
Cre01.g042600	0	0	0	0	0	0	0	0.0381105
Cre01.g042650	0	0	0	0	0	0	0	0
Cre01.g042700	0.114758	0.0575634	0.0155545	0.0989385	0.0184717	0	0.13873	0.0160831
Cre01.g042750	1345.52	1060.28	700.035	1678.89	1358.76	838.906	874.77	750.269
Cre01.g042800	50.1061	57.2249	81.4485	51.6352	64.8198	82.4361	64.5878	44.631
Cre01.g042850	13.5861	10.1947	12.4732	18.4576	9.8584	10.5947	22.9345	13.8429
Cre01.g042900	20.0643	13.7502	20.2347	15.8549	12.7895	17.4438	15.5277	13.2625
Cre01.g042950	35.7829	37.5456	41.8759	46.0626	50.182	47.373	43.4874	40.2266
Cre01.g043000	3.53691	4.59684	5.33128	3.01673	4.9566	5.32864	3.71621	5.37832
Cre01.g043050	15.4739	11.4304	10.8375	12.6539	8.4176	8.80947	14.0425	12.9332
Cre01.g043100	22.5773	11.8572	13.4284	20.8464	11.2406	11.9177	24.5478	11.7081
Cre01.g043150	24.234	14.4781	14.1932	22.4245	14.9487	13.9334	20.9049	20.8284
Cre01.g043200	79.9693	56.3675	60.4961	74.8659	53.673	63.0725	123.427	44.3306
Cre01.g043250	3.05427	2.57851	3.96213	2.62729	2.44739	2.71027	2.58942	1.7258
Cre01.g043300	4.02406	2.94271	2.03911	4.05415	3.06828	2.28001	1.97136	2.05061
Cre01.g043350	87.5669	61.3062	81.5309	141.365	86.6614	99.9422	412.299	144.511
Cre01.g043400	4.53801	3.16832	3.53586	4.34815	3.04648	3.56572	3.52744	2.65588
Cre01.g043450	26.1392	14.9736	18.4584	23.5953	17.5693	19.3647	28.5497	18.7312
Cre01.g043500	4.61771	3.61244	4.83754	4.37447	4.07301	5.02596	4.5454	4.43538
Cre01.g043550	2.76018	1.87573	0.700597	2.51695	1.3714	0.721495	1.96302	1.82838
Cre01.g043600	2.92716	2.41138	4.43764	2.91868	2.97581	4.33961	2.82581	3.8246
Cre01.g043650	1.96786	2.1602	1.68158	1.7085	1.69878	1.60087	1.53703	2.14499
Cre01.g043700	1.20278	1.54116	2.18886	1.26791	1.88611	2.19494	1.32158	1.50579
Cre01.g043750	12.0703	13.594	13.2161	10.943	11.1208	11.137	9.4979	11.9428
Cre01.g043800	1.40877	3.61835	2.55857	1.25516	3.06489	1.98128	1.28124	5.36914
Cre01.g043817	0.184055	0.0520106	0.0383171	0.153398	0.0643253	0.0554199	0.0777522	0
Cre01.g043850	4.29508	5.63721	5.13001	3.9913	6.70479	5.12569	4.03861	6.20186
Cre01.g043901	0	0	0	0	0	0	0	0
Cre01.g043950	4.51132	2.43248	11.4141	5.35945	3.76285	11.9599	2.88824	3.29983
Cre01.g044000	38.0539	31.8568	34.3068	33.4174	25.3108	31.9169	34.5239	26.9393
Cre01.g044050	543.973	538.94	452.354	645.586	599.032	531.301	538.228	424.662
Cre01.g044100	18.672	14.5502	16.1072	19.2019	17.1861	16.9987	21.5179	23.1391
Cre01.g044150	2.24183	2.79615	1.8102	2.26651	2.53862	1.86215	3.00675	1.98074
Cre01.g044200	4.45251	4.88588	4.00476	4.15602	4.11078	3.98843	3.98945	4.55612
Cre01.g044250	0.37616	1.19944	0.798423	0.33423	1.32001	0.889586	0.402876	1.58933
Cre01.g044276	0	0.00346183	0	0	0.00391068	0.00829217	0	0
Cre01.g044300	0.314527	0.0454278	0.00493546	0.194988	0.0472367	0.0119001	0.00291951	0.0243552
Cre01.g044350	1.91354	4.26211	2.88728	1.9509	4.92885	2.71227	1.93423	4.63834
Cre01.g044400	24.8714	19.0097	20.7224	20.7866	16.1429	19.2766	22.4318	14.6147
Cre01.g044450	1.41216	1.60901	1.68933	1.11838	1.37178	1.54364	1.46262	1.42037
Cre01.g044550	15.2207	18.7825	21.873	14.8192	17.1422	23.0078	18.5115	18.6816
Cre01.g044600	24.6037	27.9632	27.612	27.5608	30.3165	29.6713	26.3984	22.6694
Cre01.g044650	24.5126	26.2567	30.3625	24.7423	24.8482	29.9762	27.8615	22.9152
Cre01.g044700	7.69931	6.68905	5.79337	7.8548	7.17768	6.5429	8.49718	4.77099
Cre01.g044750	13.4896	14.3872	13.704	12.0418	10.5529	11.397	9.7527	9.46521
Cre01.g044800	253.946	384.184	152.657	428.943	572.606	209.812	234.516	301.197
Cre01.g044850	1.20413	1.44501	1.07746	1.63706	1.97274	1.43877	1.43164	1.32388
Cre01.g044900	3.05666	3.95519	4.9787	2.7868	3.67687	4.17136	2.5799	4.20456
Cre01.g044950	0.00209561	0.0050807	0.00367517	0.00377111	0.00570054	0.00781013	0	0.0017724
Cre01.g045000	0.130707	0.139018	0.141428	0.141135	0.203282	0.221284	0.0886552	0.18553
Cre01.g045050	0	0	0	0	0	0.00938995	0	0.036132
Cre01.g045100	63.2282	60.4432	59.2617	77.5403	57.8394	66.5375	69.7186	42.8877
Cre01.g045150	2.49119	2.29723	2.95684	2.0206	1.47629	2.4809	2.11888	2.80655
Cre01.g045200	65.0987	4.58252	22.0267	54.9778	2.48435	27.0396	26.0899	1.63539
Cre01.g045350	10.4876	14.716	12.4	9.15789	12.0878	9.58189	8.3458	13.8599
Cre01.g045450	8.3454	4.94399	4.43019	8.53497	4.63218	5.06199	10.8714	6.30202
Cre01.g045500	1.67093	1.73955	1.65975	1.33416	1.62166	1.55439	1.4229	2.07392
Cre01.g045550	295.715	283.592	287.838	354.492	352.175	348.567	289.204	171.415
Cre01.g045600	5.59071	6.63287	7.99466	6.30507	8.57671	9.92611	7.37429	6.73434
Cre01.g045601	1.85842	2.12138	3.11413	2.0461	2.18981	3.23341	2.96106	2.26914
Cre01.g045640	4.45772	4.32162	4.46162	4.55262	4.6565	4.32921	5.02371	5.44598
Cre01.g045650	8.61611	12.1925	9.36085	10.1599	16.4561	11.5846	9.17521	25.6685
Cre01.g045700	2.67817	7.539	5.39164	3.19233	8.39822	5.09442	5.12119	5.77273
Cre01.g045800	6.6886	6.49708	6.74898	6.53569	6.4262	5.74383	7.58724	7.4239
Cre01.g045825	2.46177	1.15201	1.42263	2.81028	1.57524	1.59127	2.3251	1.26692
Cre01.g045850	0.0463054	0.0403521	0.0260815	0.0433281	0.0137697	0.0188114	0.0498296	0.0172195
Cre01.g045902	10.9199	8.97177	13.8399	10.4733	11.4809	12.8617	11.9878	7.88891
Cre01.g045903	2.6541	3.47482	3.42844	3.17224	4.0733	4.65403	3.7758	3.94208
Cre01.g045950	6.08021	12.9867	9.95931	5.32913	10.1877	8.57985	5.05788	11.6717
Cre01.g046052	0.581446	0.664086	0.577998	0.58609	0.719647	0.601244	0.506727	0.783852
Cre01.g046150	7.31816	6.62787	6.64223	7.03538	7.88018	7.28056	7.57638	8.69684
Cre01.g046237	2.09672	1.96247	2.32402	2.05925	2.45874	2.7246	2.32321	2.23891
Cre01.g046324	0.545122	0.620784	0.511009	0.615035	0.716335	0.494494	0.475176	0.783007
Cre01.g046450	0	0.00740934	0.00932678	0	0	0	0	0
Cre01.g046500	0.0718914	0	0.058379	0.0493485	0	0.0457145	0.0252761	0
Cre01.g046501	0	0	0	0	0	0	0	0
Cre01.g046600	0.646392	0.876765	1.2859	0.703052	1.15486	0.937639	0.84063	0.785321
Cre01.g046650	0.0179034	0.0369563	0.0632907	0.0149052	0.0497062	0.0372834	0.00252866	0.00714151
Cre01.g046652	15.3112	15.522	23.8027	14.3584	14.2755	19.7357	21.0286	13.9899
Cre01.g046800	44.4121	57.753	57.8902	51.3021	74.0298	64.6117	50.0094	66.0084
Cre01.g046850	59.7009	68.5432	64.7347	54.9233	49.515	56.6102	48.7822	35.0347
Cre01.g046950	0	0.164265	0.0528093	0.0578425	0.0759262	0.0549963	0	0.156785
Cre01.g047001	8.44307	11.0848	15.4516	6.6891	7.34089	12.8856	5.89612	8.70663
Cre01.g047100	0.0145993	0.0338204	0.0335942	0.00615303	0.00983154	0.0196384	0.00861589	0.0306279
Cre01.g047200	0.147423	0.102821	0.187484	0.0517421	0.0505577	0.143783	0.0862913	0.027388
Cre01.g047218	0.0102379	0	0.00924898	0	0	0.0101908	0.00459815	0.00655338
Cre01.g047229	7.65236	6.45388	7.71448	8.87463	6.28119	8.89806	7.29411	4.13182
Cre01.g047265	51.6875	32.923	43.3194	67.1083	36.1739	51.5482	57.1182	34.0515
Cre01.g047300	5.23145	5.64958	4.61064	4.34833	3.07241	4.33847	3.20421	3.60654
Cre01.g047350	1.13826	0.871729	0.913599	0.999091	0.490832	0.603335	0.907163	0.59901
Cre01.g047400	0.467133	0.648756	0.644425	0.433866	0.563322	0.660523	0.426243	0.848966
Cre01.g047450	4.54341	3.81165	4.62671	4.17087	3.90583	4.2028	5.29604	4.7383
Cre01.g047500	1.41641	1.73983	2.63144	0.909483	1.4803	1.93083	1.88083	2.41251
Cre01.g047550	65.3979	55.9415	62.1707	75.7346	51.6345	69.6085	55.1371	27.7979
Cre01.g047600	5.06324	4.44335	2.54266	6.1677	4.6848	2.73431	8.18847	4.78041
Cre01.g047650	0.891135	1.34942	0.722684	1.32896	1.74358	1.08804	1.49378	2.57378
Cre01.g047700	38.2671	29.958	26.3851	40.6876	30.3304	29.4048	30.189	17.5773
Cre01.g047750	2332.56	1259.9	1251.86	2460.63	1271.77	1235.22	2224.74	1452.85
Cre01.g047800	50.5538	38.062	49.7752	45.6455	40.9899	45.9662	98.5604	50.1237
Cre01.g047850	3.22803	1.74691	2.27608	2.62067	1.47261	1.55315	2.9719	2.31243
Cre01.g047900	18.1257	18.867	23.9671	16.2165	14.4061	23.1527	13.2461	15.994
Cre01.g047950	27.8564	53.64	31.6959	25.9686	39.1929	26.1911	17.1102	39.3568
Cre01.g048000	2.41676	2.49597	2.18408	2.0452	1.39649	1.73936	1.41028	1.92453
Cre01.g048050	3.89092	3.94168	5.94387	3.81913	3.9575	5.88515	4.65086	4.57816
Cre01.g048100	4.67257	4.02151	3.82671	4.4197	2.82926	3.70597	3.62759	2.76809
Cre01.g048102	0.0731422	0.121384	0.38991	0.0807562	0.124957	0.43784	0.19019	0.325699
Cre01.g048150	269.307	116.713	69.3603	360.832	183.152	81.8389	319.367	112.112
Cre01.g048200	1.09998	0.992542	1.00014	0.943072	0.61346	0.78014	0.439179	0.578085
Cre01.g048250	5.36794	5.96513	6.11757	3.79982	3.39827	4.98225	4.12431	4.79476
Cre01.g048300	2.51918	2.09007	3.89265	2.23114	1.6059	3.68052	1.96819	1.6931
Cre01.g048350	0.132594	0.228544	0.306231	0.140206	0.332207	0.340016	0.152271	0.278426
Cre01.g048400	6.95652	7.43554	5.9868	5.72179	5.17497	5.17518	4.27901	5.86731
Cre01.g048450	4.65331	5.42069	4.16302	5.61485	7.95605	5.85399	4.05123	7.0588
Cre01.g048501	2.32688	3.85346	1.56229	2.20365	3.80077	1.81572	2.26588	2.13649
Cre01.g048550	2.2749	1.72886	2.39067	2.2232	2.21889	2.88564	2.16205	2.05961
Cre01.g048600	2.18984	2.32721	2.44221	2.2202	2.01252	2.54861	1.99512	2.09197
Cre01.g048650	7.50126	15.9394	20.417	8.41845	21.9456	24.7314	11.4901	33.5265
Cre01.g048701	0.00300045	0.0108406	0.00556178	0	0	0.0103635	0	0.00280012
Cre01.g048750	29.359	16.851	27.2206	20.5278	13.7826	18.3979	23.3905	16.5159
Cre01.g048800	6.38675	6.99652	9.84826	7.27001	7.65756	10.3062	8.59609	8.73835
Cre01.g048850	12.7111	12.6437	12.6255	10.8024	10.2901	13.0083	10.5474	10.035
Cre01.g048900	1.53299	1.29077	1.29407	1.60095	1.07981	1.36732	1.61586	1.25036
Cre01.g048950	79.2455	47.2157	57.2066	65.5127	43.7159	46.2846	65.3256	32.889
Cre01.g049000	44.7645	28.7665	46.8339	34.866	28.297	36.8685	49.18	31.2742
Cre01.g049050	38.6069	29.5135	43.2477	33.7053	28.1734	34.7171	32.2183	23.7165
Cre01.g049100	2.09617	2.09709	2.23643	2.10113	2.09056	2.06675	2.38914	2.39906
Cre01.g049132	12.9996	17.8197	11.807	14.8338	19.1628	12.264	11.0434	18.3941
Cre01.g049200	1.76754	8.68371	0.725848	1.79207	11.7546	1.24879	1.31181	9.17948
Cre01.g049300	1.17945	2.18612	1.62827	1.16681	2.05759	1.43062	1.58383	2.6883
Cre01.g049350	19.1605	20.0061	22.6482	16.8188	17.2541	22.4334	25.1133	18.5715
Cre01.g049400	8.66192	7.99466	10.5647	8.55431	7.11546	9.57388	7.57633	7.05136
Cre01.g049450	18.7411	14.8651	14.9716	19.7878	13.2643	14.2883	18.2924	8.91459
Cre01.g049500	353.032	423.965	347.109	490.193	546.385	432.632	564.949	398.907
Cre01.g049550	24.8304	23.3564	24.8894	26.3787	28.5082	27.0633	27.8864	25.2662
Cre01.g049600	49.7715	27.8814	29.3551	46.9783	28.4183	26.1551	52.7689	30.6947
Cre01.g049650	3.22783	3.44161	3.55697	3.02594	3.7132	3.76537	3.16124	3.47222
Cre01.g049750	7.47795	6.03269	6.9015	5.21773	5.23234	5.46601	6.90779	6.57512
Cre01.g049826	31.6243	6.89812	5.69978	40.4583	6.36846	3.98912	40.2149	14.3699
Cre01.g049900	30.3229	21.4264	25.01	31.138	21.332	25.0621	32.155	19.055
Cre01.g049950	104.687	191.259	121.113	120.469	218.505	124.974	63.5384	153.61
Cre01.g050000	34.3718	24.8462	38.7404	35.4045	22.6901	37.9526	42.6657	19.5726
Cre01.g050050	8.38858	4.9969	7.03849	6.31713	4.20407	5.28515	6.76602	4.91595
Cre01.g050100	88.5348	72.8701	83.4061	89.4776	78.601	81.9353	107.28	82.5139
Cre01.g050150	9.18705	6.27924	7.04174	8.9416	7.9438	7.49402	11.1854	4.95794
Cre01.g050300	13.4942	10.1466	5.37007	16.1252	10.4208	6.00348	19.3464	11.6137
Cre01.g050316	5.8855	4.43571	2.92636	7.50651	4.98918	2.96925	8.09465	5.24926
Cre01.g050350	2.13993	1.19794	0.628376	3.11211	2.05855	0.687702	3.46205	2.36775
Cre01.g050400	13.1296	14.9014	13.6976	20.365	17.8908	15.8533	16.1416	11.9542
Cre01.g050451	3.47068	4.55867	5.33819	3.25534	4.75209	5.73237	3.77548	5.69465
Cre01.g050500	4.97526	4.96503	7.62113	3.72026	4.68958	6.14318	7.098	6.45547
Cre01.g050550	214.268	206.254	229.488	223.642	221.535	247.695	266.866	170.66
Cre01.g050600	20.3945	11.1674	13.2106	18.207	9.06027	12.2925	19.2706	7.41116
Cre01.g050608	2.7523	2.11079	1.29865	2.75699	2.12225	1.04994	2.4399	1.97317
Cre01.g050650	3.12325	4.94197	3.80657	2.94932	4.79347	3.61254	2.87016	4.91147
Cre01.g050700	6.78431	6.87557	7.04476	5.18815	4.19517	6.31626	4.51822	5.77674
Cre01.g050750	2.05092	2.54842	2.20612	1.4782	1.37028	1.72127	0.935141	1.14518
Cre01.g050800	1.71274	1.4678	1.3088	1.3042	0.80237	1.26451	0.823018	1.01573
Cre01.g050850	55.2496	52.3264	48.3198	59.4398	50.4751	52.4358	45.8749	39.4822
Cre01.g050900	4.01664	3.6391	4.06598	3.89079	3.3422	3.08305	4.61332	3.84884
Cre01.g050950	341.081	277.776	512.614	318.579	360.415	407.721	561.992	345.917
Cre01.g051000	11.2297	6.37021	7.49443	8.81476	6.18014	6.33945	12.908	7.8481
Cre01.g051050	3.70629	6.64714	4.019	3.07772	5.70385	3.2362	3.02261	7.21658
Cre01.g051100	20.1829	18.8603	19.1802	19.4534	17.0008	20.974	17.7738	13.819
Cre01.g051137	0.0184065	0.021301	0.0313081	0.0537945	0.0551567	0.031339	0.0316871	0.0357514
Cre01.g051174	0.610769	0.687864	0.478837	0.795209	0.665399	0.254271	0.758697	1.09595
Cre01.g051211	0.0681505	0.0807351	0.0290302	0.0693089	0.102117	0.0317804	0.0786584	0.145921